"bench_hetero3.csv"	3	0.00013490842	1
1 1 1.4239754 10.811493 -4.922015 6.953457 3.6116698 1 2 7.164235e-10 2 0 0 0 0 1 0 0 2.0134228 0
"bench_hetero3.csv"	1	-0.51175841	1
1 1 1.4239754 10.811493 -4.922015 6.953457 3.6116698 1 2 7.164235e-10 2 0 0 0 0 1 0 0 2.0134228 0
"bench_hetero3.csv"	12	-0.51175841	1
1 1 1.4239754 10.811493 -4.922015 6.953457 3.6116698 1 2 7.164235e-10 2 0 0 0 0 1 0 0 2.0134228 0
"bench_hetero3.csv"	4	0.00014047246	1
1 1 1.4239754 10.811493 -4.922015 6.953457 3.6116698 1 2 7.164235e-10 2 0 0 0 0 1 0 0 2.0134228 0
"bench_hetero3.csv"	21	-0.51175841	1
1 1 1.4239754 10.811493 -4.922015 6.953457 3.6116698 1 2 7.164235e-10 2 0 0 0 0 1 0 0 2.0134228 0
"bench_hetero3.csv"	12	0.022770354	1
1 1 -0.045361096 0.50923543 -0.999975 0.999994 2.8026183 0.028358164 0.070407524 0.0096722582 2 0 0 0 0 1 0 0 2.9994483 0
"bench_hetero3.csv"	3	0.00029796616	1
1 1 1.4239754 10.811493 -4.922015 6.953457 3.6116698 1 2 7.164235e-10 2 0 0 0 0 1 0 0 2.0134228 0
"bench_hetero3.csv"	1	-0.45020559	1
1 1 1.4239754 10.811493 -4.922015 6.953457 3.6116698 1 2 7.164235e-10 2 0 0 0 0 1 0 0 2.0134228 0
"bench_hetero3.csv"	12	-0.45020559	1
1 1 1.4239754 10.811493 -4.922015 6.953457 3.6116698 1 2 7.164235e-10 2 0 0 0 0 1 0 0 2.0134228 0
"bench_hetero3.csv"	4	0.0002339311	1
1 1 1.4239754 10.811493 -4.922015 6.953457 3.6116698 1 2 7.164235e-10 2 0 0 0 0 1 0 0 2.0134228 0
"bench_hetero3.csv"	21	-0.45020559	1
1 1 1.4239754 10.811493 -4.922015 6.953457 3.6116698 1 2 7.164235e-10 2 0 0 0 0 1 0 0 2.0134228 0
"bench_hetero3.csv"	2	0.0023781084	1
1 1 1.4239754 10.811493 -4.922015 6.953457 3.6116698 1 2 7.164235e-10 2 0 0 0 0 1 0 0 2.0134228 0
"bench_hetero3.csv"	3	0.00029796616	1
1 1 1.4239754 10.811493 -4.922015 6.953457 3.6116698 1 2 7.164235e-10 2 0 0 0 0 1 0 0 2.0134228 0
"bench_hetero3.csv"	1	-0.45020559	1
1 1 1.4239754 10.811493 -4.922015 6.953457 3.6116698 1 2 7.164235e-10 2 0 0 0 0 1 0 0 2.0134228 0
"bench_hetero3.csv"	12	-0.45020559	1
1 1 1.4239754 10.811493 -4.922015 6.953457 3.6116698 1 2 7.164235e-10 2 0 0 0 0 1 0 0 2.0134228 0
"bench_hetero3.csv"	4	0.0017376185	1
1 1 1.4239754 10.811493 -4.922015 6.953457 3.6116698 1 2 7.164235e-10 2 0 0 0 0 1 0 0 2.0134228 0
"bench_hetero3.csv"	21	-0.45020559	1
1 1 1.4239754 10.811493 -4.922015 6.953457 3.6116698 1 2 7.164235e-10 2 0 0 0 0 1 0 0 2.0134228 0
"bench_hetero3.csv"	3	-0.45007887	1
1 1 1.4239754 10.811493 -4.922015 6.953457 3.6116698 1 2 7.164235e-10 2 0 0 0 0 1 0 0 2.0134228 0
"bench_hetero3.csv"	3	0.00015711031	1
1 1 1.4239754 10.811493 -4.922015 6.953457 3.6116698 1 2 7.164235e-10 2 0 0 0 0 1 0 0 2.0134228 0
"bench_hetero3.csv"	1	0.021971992	1
1 1 1.4239754 10.811493 -4.922015 6.953457 3.6116698 1 2 7.164235e-10 2 0 0 0 0 1 0 0 2.0134228 0
"bench_hetero3.csv"	12	-0.45026396	1
1 1 1.4239754 10.811493 -4.922015 6.953457 3.6116698 1 2 7.164235e-10 2 0 0 0 0 1 0 0 2.0134228 0
"bench_hetero3.csv"	21	0.055123594	1
1 1 1.4239754 10.811493 -4.922015 6.953457 3.6116698 1 2 7.164235e-10 2 0 0 0 0 1 0 0 2.0134228 0
"bench_hetero3.csv"	2	0.00010969143	1
1 1 1.4239754 10.811493 -4.922015 6.953457 3.6116698 1 2 7.164235e-10 2 0 0 0 0 1 0 0 2.0134228 0
"bench_hetero3.csv"	3	0.00020058228	1
1 1 1.4239754 10.811493 -4.922015 6.953457 3.6116698 1 2 7.164235e-10 2 0 0 0 0 1 0 0 2.0134228 0
"bench_hetero3.csv"	1	0.0055831068	1
1 1 1.4239754 10.811493 -4.922015 6.953457 3.6116698 1 2 7.164235e-10 2 0 0 0 0 1 0 0 2.0134228 0
"bench_hetero3.csv"	12	-0.45007979	1
1 1 1.4239754 10.811493 -4.922015 6.953457 3.6116698 1 2 7.164235e-10 2 0 0 0 0 1 0 0 2.0134228 0
"bench_hetero3.csv"	4	5.5017571e-06	1
1 1 1.4239754 10.811493 -4.922015 6.953457 3.6116698 1 2 7.164235e-10 2 0 0 0 0 1 0 0 2.0134228 0
"bench_hetero3.csv"	21	0.018783053	1
1 1 1.4239754 10.811493 -4.922015 6.953457 3.6116698 1 2 7.164235e-10 2 0 0 0 0 1 0 0 2.0134228 0
"bench_hetero3.csv"	11	0.049130417	1
1 1 1.4239754 10.811493 -4.922015 6.953457 3.6116698 1 2 7.164235e-10 2 0 0 0 0 1 0 0 2.0134228 0
"bench_hetero3.csv"	3	0.062977468	1
1 1 1.4239754 10.811493 -4.922015 6.953457 3.6116698 1 2 7.164235e-10 2 0 0 0 0 1 0 0 2.0134228 0
"bench_hetero3.csv"	3	0.00098369583	1
1 1 1.4239754 10.811493 -4.922015 6.953457 3.6116698 1 2 7.164235e-10 2 0 0 0 0 1 0 0 2.0134228 0
"bench_hetero3.csv"	1	0.019198543	1
1 1 1.4239754 10.811493 -4.922015 6.953457 3.6116698 1 2 7.164235e-10 2 0 0 0 0 1 0 0 2.0134228 0
"bench_hetero3.csv"	12	-0.44993809	1
1 1 1.4239754 10.811493 -4.922015 6.953457 3.6116698 1 2 7.164235e-10 2 0 0 0 0 1 0 0 2.0134228 0
"bench_hetero3.csv"	4	0.00016669033	1
1 1 1.4239754 10.811493 -4.922015 6.953457 3.6116698 1 2 7.164235e-10 2 0 0 0 0 1 0 0 2.0134228 0
"bench_hetero3.csv"	21	0.039861174	1
1 1 1.4239754 10.811493 -4.922015 6.953457 3.6116698 1 2 7.164235e-10 2 0 0 0 0 1 0 0 2.0134228 0
"bench_hetero3.csv"	2	0.00012271596	1
1 1 1.4239754 10.811493 -4.922015 6.953457 3.6116698 1 2 7.164235e-10 2 0 0 0 0 1 0 0 2.0134228 0
"bench_hetero3.csv"	3	0.00098369583	1
1 1 1.4239754 10.811493 -4.922015 6.953457 3.6116698 1 2 7.164235e-10 2 0 0 0 0 1 0 0 2.0134228 0
"bench_hetero3.csv"	1	0.0031885169	1
1 1 1.4239754 10.811493 -4.922015 6.953457 3.6116698 1 2 7.164235e-10 2 0 0 0 0 1 0 0 2.0134228 0
"bench_hetero3.csv"	12	-0.44993809	1
1 1 1.4239754 10.811493 -4.922015 6.953457 3.6116698 1 2 7.164235e-10 2 0 0 0 0 1 0 0 2.0134228 0
"bench_hetero3.csv"	4	1.9081004e-05	1
1 1 1.4239754 10.811493 -4.922015 6.953457 3.6116698 1 2 7.164235e-10 2 0 0 0 0 1 0 0 2.0134228 0
"bench_hetero3.csv"	21	0.0031851216	1
1 1 1.4239754 10.811493 -4.922015 6.953457 3.6116698 1 2 7.164235e-10 2 0 0 0 0 1 0 0 2.0134228 0
"bench_hetero3.csv"	2	0.00083713783	1
1 1 1.4239754 10.811493 -4.922015 6.953457 3.6116698 1 2 7.164235e-10 2 0 0 0 0 1 0 0 2.0134228 0
"bench_hetero3.csv"	3	-0.44993809	1
1 1 1.4239754 10.811493 -4.922015 6.953457 3.6116698 1 2 7.164235e-10 2 0 0 0 0 1 0 0 2.0134228 0
"bench_hetero3.csv"	1	0.017849061	1
1 1 1.4239754 10.811493 -4.922015 6.953457 3.6116698 1 2 7.164235e-10 2 0 0 0 0 1 0 0 2.0134228 0
"bench_hetero3.csv"	4	0.00054040558	1
1 1 1.4239754 10.811493 -4.922015 6.953457 3.6116698 1 2 7.164235e-10 2 0 0 0 0 1 0 0 2.0134228 0
"bench_hetero3.csv"	3	0.00040474097	1
1 1 1.4239754 10.811493 -4.922015 6.953457 3.6116698 1 2 7.164235e-10 2 0 0 0 0 1 0 0 2.0134228 0
"bench_hetero3.csv"	1	1.6675081e-05	1
1 1 1.4239754 10.811493 -4.922015 6.953457 3.6116698 1 2 7.164235e-10 2 0 0 0 0 1 0 0 2.0134228 0
"bench_hetero3.csv"	4	2.0006661e-05	1
1 1 1.4239754 10.811493 -4.922015 6.953457 3.6116698 1 2 7.164235e-10 2 0 0 0 0 1 0 0 2.0134228 0
"bench_hetero3.csv"	2	0.00076517111	1
1 1 1.4239754 10.811493 -4.922015 6.953457 3.6116698 1 2 7.164235e-10 2 0 0 0 0 1 0 0 2.0134228 0
"bench_hetero3.csv"	1	0.016965747	1
1 1 1.4239754 10.811493 -4.922015 6.953457 3.6116698 1 2 7.164235e-10 2 0 0 0 0 1 0 0 2.0134228 0
"bench_hetero3.csv"	12	-0.45024937	1
1 1 1.4239754 10.811493 -4.922015 6.953457 3.6116698 1 2 7.164235e-10 2 0 0 0 0 1 0 0 2.0134228 0
"bench_hetero3.csv"	21	0.036922715	1
1 1 1.4239754 10.811493 -4.922015 6.953457 3.6116698 1 2 7.164235e-10 2 0 0 0 0 1 0 0 2.0134228 0
"bench_hetero3.csv"	2	1.1826429e-05	1
1 1 1.4239754 10.811493 -4.922015 6.953457 3.6116698 1 2 7.164235e-10 2 0 0 0 0 1 0 0 2.0134228 0
"bench_hetero3.csv"	3	0.00020536751	1
1 1 1.4239754 10.811493 -4.922015 6.953457 3.6116698 1 2 7.164235e-10 2 0 0 0 0 1 0 0 2.0134228 0
"bench_hetero3.csv"	1	0.0012400067	1
1 1 1.4239754 10.811493 -4.922015 6.953457 3.6116698 1 2 7.164235e-10 2 0 0 0 0 1 0 0 2.0134228 0
"bench_hetero3.csv"	12	-0.45019933	1
1 1 1.4239754 10.811493 -4.922015 6.953457 3.6116698 1 2 7.164235e-10 2 0 0 0 0 1 0 0 2.0134228 0
"bench_hetero3.csv"	4	0.00022804327	1
1 1 1.4239754 10.811493 -4.922015 6.953457 3.6116698 1 2 7.164235e-10 2 0 0 0 0 1 0 0 2.0134228 0
"bench_hetero3.csv"	21	0.0312366	1
1 1 1.4239754 10.811493 -4.922015 6.953457 3.6116698 1 2 7.164235e-10 2 0 0 0 0 1 0 0 2.0134228 0
"bench_hetero3.csv"	3	0.0029204408	1
1 1 1.4239754 10.811493 -4.922015 6.953457 3.6116698 1 2 7.164235e-10 2 0 0 0 0 1 0 0 2.0134228 0
"bench_hetero3.csv"	1	-0.4499922	1
1 1 1.4239754 10.811493 -4.922015 6.953457 3.6116698 1 2 7.164235e-10 2 0 0 0 0 1 0 0 2.0134228 0
"bench_hetero3.csv"	4	0.0003305995	1
1 1 1.4239754 10.811493 -4.922015 6.953457 3.6116698 1 2 7.164235e-10 2 0 0 0 0 1 0 0 2.0134228 0
"bench_hetero3.csv"	3	0.0006302284	1
1 1 1.4239754 10.811493 -4.922015 6.953457 3.6116698 1 2 7.164235e-10 2 0 0 0 0 1 0 0 2.0134228 0
"bench_hetero3.csv"	1	0.0023259856	1
1 1 1.4239754 10.811493 -4.922015 6.953457 3.6116698 1 2 7.164235e-10 2 0 0 0 0 1 0 0 2.0134228 0
"bench_hetero3.csv"	12	-0.45013394	1
1 1 1.4239754 10.811493 -4.922015 6.953457 3.6116698 1 2 7.164235e-10 2 0 0 0 0 1 0 0 2.0134228 0
"bench_hetero3.csv"	4	0.0011150313	1
1 1 1.4239754 10.811493 -4.922015 6.953457 3.6116698 1 2 7.164235e-10 2 0 0 0 0 1 0 0 2.0134228 0
"bench_hetero3.csv"	21	0.02123108	1
1 1 1.4239754 10.811493 -4.922015 6.953457 3.6116698 1 2 7.164235e-10 2 0 0 0 0 1 0 0 2.0134228 0
"bench_hetero3.csv"	2	2.7232985e-05	1
1 1 1.4239754 10.811493 -4.922015 6.953457 3.6116698 1 2 7.164235e-10 2 0 0 0 0 1 0 0 2.0134228 0
"bench_hetero3.csv"	3	-0.45013394	1
1 1 1.4239754 10.811493 -4.922015 6.953457 3.6116698 1 2 7.164235e-10 2 0 0 0 0 1 0 0 2.0134228 0
"bench_hetero3.csv"	1	0.0019407886	1
1 1 1.4239754 10.811493 -4.922015 6.953457 3.6116698 1 2 7.164235e-10 2 0 0 0 0 1 0 0 2.0134228 0
"bench_hetero3.csv"	4	0.00024754763	1
1 1 1.4239754 10.811493 -4.922015 6.953457 3.6116698 1 2 7.164235e-10 2 0 0 0 0 1 0 0 2.0134228 0
"bench_hetero3.csv"	2	4.0521732e-05	1
1 1 1.4239754 10.811493 -4.922015 6.953457 3.6116698 1 2 7.164235e-10 2 0 0 0 0 1 0 0 2.0134228 0
"bench_hetero3.csv"	3	0.0006302284	1
1 1 1.4239754 10.811493 -4.922015 6.953457 3.6116698 1 2 7.164235e-10 2 0 0 0 0 1 0 0 2.0134228 0
"bench_hetero3.csv"	1	0.019472297	1
1 1 1.4239754 10.811493 -4.922015 6.953457 3.6116698 1 2 7.164235e-10 2 0 0 0 0 1 0 0 2.0134228 0
"bench_hetero3.csv"	12	-0.45013394	1
1 1 1.4239754 10.811493 -4.922015 6.953457 3.6116698 1 2 7.164235e-10 2 0 0 0 0 1 0 0 2.0134228 0
"bench_hetero3.csv"	4	0.00066262176	1
1 1 1.4239754 10.811493 -4.922015 6.953457 3.6116698 1 2 7.164235e-10 2 0 0 0 0 1 0 0 2.0134228 0
"bench_hetero3.csv"	21	0.035906545	1
1 1 1.4239754 10.811493 -4.922015 6.953457 3.6116698 1 2 7.164235e-10 2 0 0 0 0 1 0 0 2.0134228 0
"bench_hetero3.csv"	3	0.00020391115	1
1 1 1.4239754 10.811493 -4.922015 6.953457 3.6116698 1 2 7.164235e-10 2 0 0 0 0 1 0 0 2.0134228 0
"bench_hetero3.csv"	1	0.00055589612	1
1 1 1.4239754 10.811493 -4.922015 6.953457 3.6116698 1 2 7.164235e-10 2 0 0 0 0 1 0 0 2.0134228 0
"bench_hetero3.csv"	4	0.00033715081	1
1 1 1.4239754 10.811493 -4.922015 6.953457 3.6116698 1 2 7.164235e-10 2 0 0 0 0 1 0 0 2.0134228 0
"bench_hetero3.csv"	2	0.00056976694	1
1 1 1.4239754 10.811493 -4.922015 6.953457 3.6116698 1 2 7.164235e-10 2 0 0 0 0 1 0 0 2.0134228 0
"bench_hetero3.csv"	3	0.00058313109	1
1 1 1.4239754 10.811493 -4.922015 6.953457 3.6116698 1 2 7.164235e-10 2 0 0 0 0 1 0 0 2.0134228 0
"bench_hetero3.csv"	1	0.00019348865	1
1 1 1.4239754 10.811493 -4.922015 6.953457 3.6116698 1 2 7.164235e-10 2 0 0 0 0 1 0 0 2.0134228 0
"bench_hetero3.csv"	4	0.00016006209	1
1 1 1.4239754 10.811493 -4.922015 6.953457 3.6116698 1 2 7.164235e-10 2 0 0 0 0 1 0 0 2.0134228 0
"bench_hetero3.csv"	2	0.00085734607	1
1 1 1.4239754 10.811493 -4.922015 6.953457 3.6116698 1 2 7.164235e-10 2 0 0 0 0 1 0 0 2.0134228 0
"bench_hetero3.csv"	3	0.00017114292	1
1 1 1.4239754 10.811493 -4.922015 6.953457 3.6116698 1 2 7.164235e-10 2 0 0 0 0 1 0 0 2.0134228 0
"bench_hetero3.csv"	1	-0.45000809	1
1 1 1.4239754 10.811493 -4.922015 6.953457 3.6116698 1 2 7.164235e-10 2 0 0 0 0 1 0 0 2.0134228 0
"bench_hetero3.csv"	4	0.00034601298	1
1 1 1.4239754 10.811493 -4.922015 6.953457 3.6116698 1 2 7.164235e-10 2 0 0 0 0 1 0 0 2.0134228 0
"bench_hetero3.csv"	2	0.00014112296	1
1 1 1.4239754 10.811493 -4.922015 6.953457 3.6116698 1 2 7.164235e-10 2 0 0 0 0 1 0 0 2.0134228 0
"bench_hetero3.csv"	3	0.00020391115	1
1 1 1.4239754 10.811493 -4.922015 6.953457 3.6116698 1 2 7.164235e-10 2 0 0 0 0 1 0 0 2.0134228 0
"bench_hetero3.csv"	1	0.00064228568	1
1 1 1.4239754 10.811493 -4.922015 6.953457 3.6116698 1 2 7.164235e-10 2 0 0 0 0 1 0 0 2.0134228 0
"bench_hetero3.csv"	12	-0.45000809	1
1 1 1.4239754 10.811493 -4.922015 6.953457 3.6116698 1 2 7.164235e-10 2 0 0 0 0 1 0 0 2.0134228 0
"bench_hetero3.csv"	3	0.00057697517	1
1 1 1.4239754 10.811493 -4.922015 6.953457 3.6116698 1 2 7.164235e-10 2 0 0 0 0 1 0 0 2.0134228 0
"bench_hetero3.csv"	1	0.0025475869	1
1 1 1.4239754 10.811493 -4.922015 6.953457 3.6116698 1 2 7.164235e-10 2 0 0 0 0 1 0 0 2.0134228 0
"bench_hetero3.csv"	12	-0.45014686	1
1 1 1.4239754 10.811493 -4.922015 6.953457 3.6116698 1 2 7.164235e-10 2 0 0 0 0 1 0 0 2.0134228 0
"bench_hetero3.csv"	4	6.9355543e-06	1
1 1 1.4239754 10.811493 -4.922015 6.953457 3.6116698 1 2 7.164235e-10 2 0 0 0 0 1 0 0 2.0134228 0
"bench_hetero3.csv"	21	0.021419213	1
1 1 1.4239754 10.811493 -4.922015 6.953457 3.6116698 1 2 7.164235e-10 2 0 0 0 0 1 0 0 2.0134228 0
"bench_hetero3.csv"	2	0.00014424711	1
1 1 1.4239754 10.811493 -4.922015 6.953457 3.6116698 1 2 7.164235e-10 2 0 0 0 0 1 0 0 2.0134228 0
"bench_hetero3.csv"	3	0.0024232784	1
1 1 1.4239754 10.811493 -4.922015 6.953457 3.6116698 1 2 7.164235e-10 2 0 0 0 0 1 0 0 2.0134228 0
"bench_hetero3.csv"	1	0.012484837	1
1 1 1.4239754 10.811493 -4.922015 6.953457 3.6116698 1 2 7.164235e-10 2 0 0 0 0 1 0 0 2.0134228 0
"bench_hetero3.csv"	4	0.00090287716	1
1 1 1.4239754 10.811493 -4.922015 6.953457 3.6116698 1 2 7.164235e-10 2 0 0 0 0 1 0 0 2.0134228 0
"bench_hetero3.csv"	2	0.00025106647	1
1 1 1.4239754 10.811493 -4.922015 6.953457 3.6116698 1 2 7.164235e-10 2 0 0 0 0 1 0 0 2.0134228 0
"bench_hetero3.csv"	3	-0.45014686	1
1 1 1.4239754 10.811493 -4.922015 6.953457 3.6116698 1 2 7.164235e-10 2 0 0 0 0 1 0 0 2.0134228 0
"bench_hetero3.csv"	1	0.016561072	1
1 1 1.4239754 10.811493 -4.922015 6.953457 3.6116698 1 2 7.164235e-10 2 0 0 0 0 1 0 0 2.0134228 0
"bench_hetero3.csv"	4	0.00049302809	1
1 1 1.4239754 10.811493 -4.922015 6.953457 3.6116698 1 2 7.164235e-10 2 0 0 0 0 1 0 0 2.0134228 0
"bench_hetero3.csv"	2	0.0003570815	1
1 1 1.4239754 10.811493 -4.922015 6.953457 3.6116698 1 2 7.164235e-10 2 0 0 0 0 1 0 0 2.0134228 0
"bench_hetero3.csv"	3	-0.45014686	1
1 1 1.4239754 10.811493 -4.922015 6.953457 3.6116698 1 2 7.164235e-10 2 0 0 0 0 1 0 0 2.0134228 0
"bench_hetero3.csv"	3	0.00022788893	1
1 1 1.4239754 10.811493 -4.922015 6.953457 3.6116698 1 2 7.164235e-10 2 0 0 0 0 1 0 0 2.0134228 0
"bench_hetero3.csv"	1	0.00055278437	1
1 1 1.4239754 10.811493 -4.922015 6.953457 3.6116698 1 2 7.164235e-10 2 0 0 0 0 1 0 0 2.0134228 0
"bench_hetero3.csv"	4	0.00034361328	1
1 1 1.4239754 10.811493 -4.922015 6.953457 3.6116698 1 2 7.164235e-10 2 0 0 0 0 1 0 0 2.0134228 0
"bench_hetero3.csv"	2	0.00026416838	1
1 1 1.4239754 10.811493 -4.922015 6.953457 3.6116698 1 2 7.164235e-10 2 0 0 0 0 1 0 0 2.0134228 0
"bench_hetero3.csv"	3	0.00050227571	1
1 1 1.4239754 10.811493 -4.922015 6.953457 3.6116698 1 2 7.164235e-10 2 0 0 0 0 1 0 0 2.0134228 0
"bench_hetero3.csv"	1	0.0011130856	1
1 1 1.4239754 10.811493 -4.922015 6.953457 3.6116698 1 2 7.164235e-10 2 0 0 0 0 1 0 0 2.0134228 0
"bench_hetero3.csv"	4	0.00016440786	1
1 1 1.4239754 10.811493 -4.922015 6.953457 3.6116698 1 2 7.164235e-10 2 0 0 0 0 1 0 0 2.0134228 0
"bench_hetero3.csv"	2	0.00043558695	1
1 1 1.4239754 10.811493 -4.922015 6.953457 3.6116698 1 2 7.164235e-10 2 0 0 0 0 1 0 0 2.0134228 0
"bench_hetero3.csv"	3	0.00091202375	1
1 1 1.4239754 10.811493 -4.922015 6.953457 3.6116698 1 2 7.164235e-10 2 0 0 0 0 1 0 0 2.0134228 0
"bench_hetero3.csv"	1	-0.45000287	1
1 1 1.4239754 10.811493 -4.922015 6.953457 3.6116698 1 2 7.164235e-10 2 0 0 0 0 1 0 0 2.0134228 0
"bench_hetero3.csv"	4	0.00029302978	1
1 1 1.4239754 10.811493 -4.922015 6.953457 3.6116698 1 2 7.164235e-10 2 0 0 0 0 1 0 0 2.0134228 0
"bench_hetero3.csv"	2	0.00020873027	1
1 1 1.4239754 10.811493 -4.922015 6.953457 3.6116698 1 2 7.164235e-10 2 0 0 0 0 1 0 0 2.0134228 0
"bench_hetero3.csv"	3	0.00022788893	1
1 1 1.4239754 10.811493 -4.922015 6.953457 3.6116698 1 2 7.164235e-10 2 0 0 0 0 1 0 0 2.0134228 0
"bench_hetero3.csv"	1	0.00012448181	1
1 1 1.4239754 10.811493 -4.922015 6.953457 3.6116698 1 2 7.164235e-10 2 0 0 0 0 1 0 0 2.0134228 0
"bench_hetero3.csv"	12	-0.45000287	1
1 1 1.4239754 10.811493 -4.922015 6.953457 3.6116698 1 2 7.164235e-10 2 0 0 0 0 1 0 0 2.0134228 0
"bench_hetero3.csv"	3	0.00053462382	1
1 1 1.4239754 10.811493 -4.922015 6.953457 3.6116698 1 2 7.164235e-10 2 0 0 0 0 1 0 0 2.0134228 0
"bench_hetero3.csv"	1	0.017857484	1
1 1 1.4239754 10.811493 -4.922015 6.953457 3.6116698 1 2 7.164235e-10 2 0 0 0 0 1 0 0 2.0134228 0
"bench_hetero3.csv"	12	-0.45015438	1
1 1 1.4239754 10.811493 -4.922015 6.953457 3.6116698 1 2 7.164235e-10 2 0 0 0 0 1 0 0 2.0134228 0
"bench_hetero3.csv"	4	3.7616874e-05	1
1 1 1.4239754 10.811493 -4.922015 6.953457 3.6116698 1 2 7.164235e-10 2 0 0 0 0 1 0 0 2.0134228 0
"bench_hetero3.csv"	21	0.035572679	1
1 1 1.4239754 10.811493 -4.922015 6.953457 3.6116698 1 2 7.164235e-10 2 0 0 0 0 1 0 0 2.0134228 0
"bench_hetero3.csv"	2	0.00016879384	1
1 1 1.4239754 10.811493 -4.922015 6.953457 3.6116698 1 2 7.164235e-10 2 0 0 0 0 1 0 0 2.0134228 0
"bench_hetero3.csv"	3	-0.45015438	1
1 1 1.4239754 10.811493 -4.922015 6.953457 3.6116698 1 2 7.164235e-10 2 0 0 0 0 1 0 0 2.0134228 0
"bench_hetero3.csv"	1	0.016260802	1
1 1 1.4239754 10.811493 -4.922015 6.953457 3.6116698 1 2 7.164235e-10 2 0 0 0 0 1 0 0 2.0134228 0
"bench_hetero3.csv"	4	0.00044592621	1
1 1 1.4239754 10.811493 -4.922015 6.953457 3.6116698 1 2 7.164235e-10 2 0 0 0 0 1 0 0 2.0134228 0
"bench_hetero3.csv"	3	0.0017402518	1
1 1 1.4239754 10.811493 -4.922015 6.953457 3.6116698 1 2 7.164235e-10 2 0 0 0 0 1 0 0 2.0134228 0
"bench_hetero3.csv"	1	-0.45008864	1
1 1 1.4239754 10.811493 -4.922015 6.953457 3.6116698 1 2 7.164235e-10 2 0 0 0 0 1 0 0 2.0134228 0
"bench_hetero3.csv"	4	0.0003635564	1
1 1 1.4239754 10.811493 -4.922015 6.953457 3.6116698 1 2 7.164235e-10 2 0 0 0 0 1 0 0 2.0134228 0
"bench_hetero3.csv"	2	0.0027188146	1
1 1 1.4239754 10.811493 -4.922015 6.953457 3.6116698 1 2 7.164235e-10 2 0 0 0 0 1 0 0 2.0134228 0
"bench_hetero3.csv"	3	-0.45008864	1
1 1 1.4239754 10.811493 -4.922015 6.953457 3.6116698 1 2 7.164235e-10 2 0 0 0 0 1 0 0 2.0134228 0
"bench_hetero3.csv"	3	-0.44987665	1
1 1 1.4239754 10.811493 -4.922015 6.953457 3.6116698 1 2 7.164235e-10 2 0 0 0 0 1 0 0 2.0134228 0
"bench_hetero3.csv"	1	0.0019875366	1
1 1 1.4239754 10.811493 -4.922015 6.953457 3.6116698 1 2 7.164235e-10 2 0 0 0 0 1 0 0 2.0134228 0
"bench_hetero3.csv"	4	0.00052922319	1
1 1 1.4239754 10.811493 -4.922015 6.953457 3.6116698 1 2 7.164235e-10 2 0 0 0 0 1 0 0 2.0134228 0
"bench_hetero3.csv"	2	2.5463525e-05	1
1 1 1.4239754 10.811493 -4.922015 6.953457 3.6116698 1 2 7.164235e-10 2 0 0 0 0 1 0 0 2.0134228 0
"bench_hetero3.csv"	3	-0.44987665	1
1 1 1.4239754 10.811493 -4.922015 6.953457 3.6116698 1 2 7.164235e-10 2 0 0 0 0 1 0 0 2.0134228 0
"bench_hetero3.csv"	1	0.00050569815	1
1 1 1.4239754 10.811493 -4.922015 6.953457 3.6116698 1 2 7.164235e-10 2 0 0 0 0 1 0 0 2.0134228 0
"bench_hetero3.csv"	4	3.3964626e-05	1
1 1 1.4239754 10.811493 -4.922015 6.953457 3.6116698 1 2 7.164235e-10 2 0 0 0 0 1 0 0 2.0134228 0
"bench_hetero3.csv"	2	0.00069909066	1
1 1 1.4239754 10.811493 -4.922015 6.953457 3.6116698 1 2 7.164235e-10 2 0 0 0 0 1 0 0 2.0134228 0
"bench_hetero3.csv"	3	4.4747435e-05	1
1 1 1.4239754 10.811493 -4.922015 6.953457 3.6116698 1 2 7.164235e-10 2 0 0 0 0 1 0 0 2.0134228 0
"bench_hetero3.csv"	1	0.0018093729	1
1 1 1.4239754 10.811493 -4.922015 6.953457 3.6116698 1 2 7.164235e-10 2 0 0 0 0 1 0 0 2.0134228 0
"bench_hetero3.csv"	12	-0.44987665	1
1 1 1.4239754 10.811493 -4.922015 6.953457 3.6116698 1 2 7.164235e-10 2 0 0 0 0 1 0 0 2.0134228 0
"bench_hetero3.csv"	4	0.00034594246	1
1 1 1.4239754 10.811493 -4.922015 6.953457 3.6116698 1 2 7.164235e-10 2 0 0 0 0 1 0 0 2.0134228 0
"bench_hetero3.csv"	21	0.029840616	1
1 1 1.4239754 10.811493 -4.922015 6.953457 3.6116698 1 2 7.164235e-10 2 0 0 0 0 1 0 0 2.0134228 0
"bench_hetero3.csv"	3	3.3247663e-06	1
1 1 1.4239754 10.811493 -4.922015 6.953457 3.6116698 1 2 7.164235e-10 2 0 0 0 0 1 0 0 2.0134228 0
"bench_hetero3.csv"	3	0.00024877654	1
1 1 1.4239754 10.811493 -4.922015 6.953457 3.6116698 1 2 7.164235e-10 2 0 0 0 0 1 0 0 2.0134228 0
"bench_hetero3.csv"	1	0.0013412466	1
1 1 1.4239754 10.811493 -4.922015 6.953457 3.6116698 1 2 7.164235e-10 2 0 0 0 0 1 0 0 2.0134228 0
"bench_hetero3.csv"	12	-0.44986279	1
1 1 1.4239754 10.811493 -4.922015 6.953457 3.6116698 1 2 7.164235e-10 2 0 0 0 0 1 0 0 2.0134228 0
"bench_hetero3.csv"	4	0.00012188201	1
1 1 1.4239754 10.811493 -4.922015 6.953457 3.6116698 1 2 7.164235e-10 2 0 0 0 0 1 0 0 2.0134228 0
"bench_hetero3.csv"	21	0.0062907091	1
1 1 1.4239754 10.811493 -4.922015 6.953457 3.6116698 1 2 7.164235e-10 2 0 0 0 0 1 0 0 2.0134228 0
"bench_hetero3.csv"	3	0.00024877654	1
1 1 1.4239754 10.811493 -4.922015 6.953457 3.6116698 1 2 7.164235e-10 2 0 0 0 0 1 0 0 2.0134228 0
"bench_hetero3.csv"	1	0.0022348912	1
1 1 1.4239754 10.811493 -4.922015 6.953457 3.6116698 1 2 7.164235e-10 2 0 0 0 0 1 0 0 2.0134228 0
"bench_hetero3.csv"	12	-0.44986279	1
1 1 1.4239754 10.811493 -4.922015 6.953457 3.6116698 1 2 7.164235e-10 2 0 0 0 0 1 0 0 2.0134228 0
"bench_hetero3.csv"	4	1.2832348e-05	1
1 1 1.4239754 10.811493 -4.922015 6.953457 3.6116698 1 2 7.164235e-10 2 0 0 0 0 1 0 0 2.0134228 0
"bench_hetero3.csv"	21	0.0063025905	1
1 1 1.4239754 10.811493 -4.922015 6.953457 3.6116698 1 2 7.164235e-10 2 0 0 0 0 1 0 0 2.0134228 0
"bench_hetero3.csv"	3	0.0022210475	1
1 1 1.4239754 10.811493 -4.922015 6.953457 3.6116698 1 2 7.164235e-10 2 0 0 0 0 1 0 0 2.0134228 0
"bench_hetero3.csv"	1	0.028079587	1
1 1 1.4239754 10.811493 -4.922015 6.953457 3.6116698 1 2 7.164235e-10 2 0 0 0 0 1 0 0 2.0134228 0
"bench_hetero3.csv"	4	0.00036982576	1
1 1 1.4239754 10.811493 -4.922015 6.953457 3.6116698 1 2 7.164235e-10 2 0 0 0 0 1 0 0 2.0134228 0
"bench_hetero3.csv"	3	-0.44986279	1
1 1 1.4239754 10.811493 -4.922015 6.953457 3.6116698 1 2 7.164235e-10 2 0 0 0 0 1 0 0 2.0134228 0
"bench_hetero3.csv"	1	0.0018498746	1
1 1 1.4239754 10.811493 -4.922015 6.953457 3.6116698 1 2 7.164235e-10 2 0 0 0 0 1 0 0 2.0134228 0
"bench_hetero3.csv"	3	0.00010701645	1
1 1 1.4239754 10.811493 -4.922015 6.953457 3.6116698 1 2 7.164235e-10 2 0 0 0 0 1 0 0 2.0134228 0
"bench_hetero3.csv"	12	-0.44987433	1
1 1 1.4239754 10.811493 -4.922015 6.953457 3.6116698 1 2 7.164235e-10 2 0 0 0 0 1 0 0 2.0134228 0
"bench_hetero3.csv"	4	0.00089805394	1
1 1 1.4239754 10.811493 -4.922015 6.953457 3.6116698 1 2 7.164235e-10 2 0 0 0 0 1 0 0 2.0134228 0
"bench_hetero3.csv"	21	-0.44987433	1
1 1 1.4239754 10.811493 -4.922015 6.953457 3.6116698 1 2 7.164235e-10 2 0 0 0 0 1 0 0 2.0134228 0
"bench_hetero3.csv"	1	0.0013272672	1
1 1 1.4239754 10.811493 -4.922015 6.953457 3.6116698 1 2 7.164235e-10 2 0 0 0 0 1 0 0 2.0134228 0
"bench_hetero3.csv"	3	0.00011043229	1
1 1 1.4239754 10.811493 -4.922015 6.953457 3.6116698 1 2 7.164235e-10 2 0 0 0 0 1 0 0 2.0134228 0
"bench_hetero3.csv"	4	0.00041384325	1
1 1 1.4239754 10.811493 -4.922015 6.953457 3.6116698 1 2 7.164235e-10 2 0 0 0 0 1 0 0 2.0134228 0
"bench_hetero3.csv"	1	-0.44987241	1
1 1 1.4239754 10.811493 -4.922015 6.953457 3.6116698 1 2 7.164235e-10 2 0 0 0 0 1 0 0 2.0134228 0
"bench_hetero3.csv"	4	0.00022615044	1
1 1 1.4239754 10.811493 -4.922015 6.953457 3.6116698 1 2 7.164235e-10 2 0 0 0 0 1 0 0 2.0134228 0
"bench_hetero3.csv"	3	0.00029740683	1
1 1 1.4239754 10.811493 -4.922015 6.953457 3.6116698 1 2 7.164235e-10 2 0 0 0 0 1 0 0 2.0134228 0
"bench_hetero3.csv"	12	-0.44987002	1
1 1 1.4239754 10.811493 -4.922015 6.953457 3.6116698 1 2 7.164235e-10 2 0 0 0 0 1 0 0 2.0134228 0
"bench_hetero3.csv"	4	0.00040772112	1
1 1 1.4239754 10.811493 -4.922015 6.953457 3.6116698 1 2 7.164235e-10 2 0 0 0 0 1 0 0 2.0134228 0
"bench_hetero3.csv"	21	-0.44987002	1
1 1 1.4239754 10.811493 -4.922015 6.953457 3.6116698 1 2 7.164235e-10 2 0 0 0 0 1 0 0 2.0134228 0
"bench_hetero3.csv"	3	0.0050667271	1
1 1 1.4239754 10.811493 -4.922015 6.953457 3.6116698 1 2 7.164235e-10 2 0 0 0 0 1 0 0 2.0134228 0
"bench_hetero3.csv"	1	-0.44986787	1
1 1 1.4239754 10.811493 -4.922015 6.953457 3.6116698 1 2 7.164235e-10 2 0 0 0 0 1 0 0 2.0134228 0
"bench_hetero3.csv"	4	8.4540838e-05	1
1 1 1.4239754 10.811493 -4.922015 6.953457 3.6116698 1 2 7.164235e-10 2 0 0 0 0 1 0 0 2.0134228 0
"bench_hetero3.csv"	3	0.011781133	1
1 1 1.4239754 10.811493 -4.922015 6.953457 3.6116698 1 2 7.164235e-10 2 0 0 0 0 1 0 0 2.0134228 0
"bench_hetero3.csv"	1	0.0014606133	1
1 1 1.4239754 10.811493 -4.922015 6.953457 3.6116698 1 2 7.164235e-10 2 0 0 0 0 1 0 0 2.0134228 0
"bench_hetero3.csv"	4	0.00019701441	1
1 1 1.4239754 10.811493 -4.922015 6.953457 3.6116698 1 2 7.164235e-10 2 0 0 0 0 1 0 0 2.0134228 0
"bench_hetero3.csv"	3	0.00064037187	1
1 1 1.4239754 10.811493 -4.922015 6.953457 3.6116698 1 2 7.164235e-10 2 0 0 0 0 1 0 0 2.0134228 0
"bench_hetero3.csv"	1	0.002653099	1
1 1 1.4239754 10.811493 -4.922015 6.953457 3.6116698 1 2 7.164235e-10 2 0 0 0 0 1 0 0 2.0134228 0
"bench_hetero3.csv"	12	-0.44986787	1
1 1 1.4239754 10.811493 -4.922015 6.953457 3.6116698 1 2 7.164235e-10 2 0 0 0 0 1 0 0 2.0134228 0
"bench_hetero3.csv"	4	0.00054399355	1
1 1 1.4239754 10.811493 -4.922015 6.953457 3.6116698 1 2 7.164235e-10 2 0 0 0 0 1 0 0 2.0134228 0
"bench_hetero3.csv"	21	9.9040377e-05	1
1 1 1.4239754 10.811493 -4.922015 6.953457 3.6116698 1 2 7.164235e-10 2 0 0 0 0 1 0 0 2.0134228 0
"bench_hetero3.csv"	3	0.035267335	1
1 1 1.4239754 10.811493 -4.922015 6.953457 3.6116698 1 2 7.164235e-10 2 0 0 0 0 1 0 0 2.0134228 0
"bench_hetero3.csv"	1	0.00037776908	1
1 1 1.4239754 10.811493 -4.922015 6.953457 3.6116698 1 2 7.164235e-10 2 0 0 0 0 1 0 0 2.0134228 0
"bench_hetero3.csv"	4	0.00065576409	1
1 1 1.4239754 10.811493 -4.922015 6.953457 3.6116698 1 2 7.164235e-10 2 0 0 0 0 1 0 0 2.0134228 0
"bench_hetero3.csv"	3	0.00064037187	1
1 1 1.4239754 10.811493 -4.922015 6.953457 3.6116698 1 2 7.164235e-10 2 0 0 0 0 1 0 0 2.0134228 0
"bench_hetero3.csv"	3	0.0011678488	1
1 1 1.4239754 10.811493 -4.922015 6.953457 3.6116698 1 2 7.164235e-10 2 0 0 0 0 1 0 0 2.0134228 0
"bench_hetero3.csv"	1	0.0014820514	1
1 1 1.4239754 10.811493 -4.922015 6.953457 3.6116698 1 2 7.164235e-10 2 0 0 0 0 1 0 0 2.0134228 0
"bench_hetero3.csv"	12	-0.44987867	1
1 1 1.4239754 10.811493 -4.922015 6.953457 3.6116698 1 2 7.164235e-10 2 0 0 0 0 1 0 0 2.0134228 0
"bench_hetero3.csv"	4	0.00056432605	1
1 1 1.4239754 10.811493 -4.922015 6.953457 3.6116698 1 2 7.164235e-10 2 0 0 0 0 1 0 0 2.0134228 0
"bench_hetero3.csv"	3	0.057746882	1
1 1 1.4239754 10.811493 -4.922015 6.953457 3.6116698 1 2 7.164235e-10 2 0 0 0 0 1 0 0 2.0134228 0
"bench_hetero3.csv"	1	0.0084884696	1
1 1 1.4239754 10.811493 -4.922015 6.953457 3.6116698 1 2 7.164235e-10 2 0 0 0 0 1 0 0 2.0134228 0
"bench_hetero3.csv"	4	0.00023107286	1
1 1 1.4239754 10.811493 -4.922015 6.953457 3.6116698 1 2 7.164235e-10 2 0 0 0 0 1 0 0 2.0134228 0
"bench_hetero3.csv"	3	0.0039172914	1
1 1 1.4239754 10.811493 -4.922015 6.953457 3.6116698 1 2 7.164235e-10 2 0 0 0 0 1 0 0 2.0134228 0
"bench_hetero3.csv"	1	-0.44986188	1
1 1 1.4239754 10.811493 -4.922015 6.953457 3.6116698 1 2 7.164235e-10 2 0 0 0 0 1 0 0 2.0134228 0
"bench_hetero3.csv"	4	0.00048703904	1
1 1 1.4239754 10.811493 -4.922015 6.953457 3.6116698 1 2 7.164235e-10 2 0 0 0 0 1 0 0 2.0134228 0
"bench_hetero3.csv"	1	0.0092791564	1
1 1 1.4239754 10.811493 -4.922015 6.953457 3.6116698 1 2 7.164235e-10 2 0 0 0 0 1 0 0 2.0134228 0
"bench_hetero3.csv"	12	-0.44986188	1
1 1 1.4239754 10.811493 -4.922015 6.953457 3.6116698 1 2 7.164235e-10 2 0 0 0 0 1 0 0 2.0134228 0
"bench_hetero3.csv"	4	4.6782886e-06	1
1 1 1.4239754 10.811493 -4.922015 6.953457 3.6116698 1 2 7.164235e-10 2 0 0 0 0 1 0 0 2.0134228 0
"bench_hetero3.csv"	3	0.00011939663	1
1 1 1.4239754 10.811493 -4.922015 6.953457 3.6116698 1 2 7.164235e-10 2 0 0 0 0 1 0 0 2.0134228 0
"bench_hetero3.csv"	1	0.046141741	1
1 1 1.4239754 10.811493 -4.922015 6.953457 3.6116698 1 2 7.164235e-10 2 0 0 0 0 1 0 0 2.0134228 0
"bench_hetero3.csv"	4	0.0003747775	1
1 1 1.4239754 10.811493 -4.922015 6.953457 3.6116698 1 2 7.164235e-10 2 0 0 0 0 1 0 0 2.0134228 0
"bench_hetero3.csv"	3	0.0001791316	1
1 1 1.4239754 10.811493 -4.922015 6.953457 3.6116698 1 2 7.164235e-10 2 0 0 0 0 1 0 0 2.0134228 0
"bench_hetero3.csv"	1	0.046299493	1
1 1 1.4239754 10.811493 -4.922015 6.953457 3.6116698 1 2 7.164235e-10 2 0 0 0 0 1 0 0 2.0134228 0
"bench_hetero3.csv"	4	0.00017328686	1
1 1 1.4239754 10.811493 -4.922015 6.953457 3.6116698 1 2 7.164235e-10 2 0 0 0 0 1 0 0 2.0134228 0
"bench_hetero3.csv"	3	8.8697273e-05	1
1 1 1.4239754 10.811493 -4.922015 6.953457 3.6116698 1 2 7.164235e-10 2 0 0 0 0 1 0 0 2.0134228 0
"bench_hetero3.csv"	1	0.046540856	1
1 1 1.4239754 10.811493 -4.922015 6.953457 3.6116698 1 2 7.164235e-10 2 0 0 0 0 1 0 0 2.0134228 0
"bench_hetero3.csv"	4	0.00022962536	1
1 1 1.4239754 10.811493 -4.922015 6.953457 3.6116698 1 2 7.164235e-10 2 0 0 0 0 1 0 0 2.0134228 0
"bench_hetero3.csv"	1	0.046671722	1
1 1 1.4239754 10.811493 -4.922015 6.953457 3.6116698 1 2 7.164235e-10 2 0 0 0 0 1 0 0 2.0134228 0
"bench_hetero3.csv"	4	0.0001620642	1
1 1 1.4239754 10.811493 -4.922015 6.953457 3.6116698 1 2 7.164235e-10 2 0 0 0 0 1 0 0 2.0134228 0
"bench_hetero3.csv"	1	0.047510204	1
1 1 1.4239754 10.811493 -4.922015 6.953457 3.6116698 1 2 7.164235e-10 2 0 0 0 0 1 0 0 2.0134228 0
"bench_hetero3.csv"	4	0.00013857857	1
1 1 1.4239754 10.811493 -4.922015 6.953457 3.6116698 1 2 7.164235e-10 2 0 0 0 0 1 0 0 2.0134228 0
"bench_hetero3.csv"	1	0.047438311	1
1 1 1.4239754 10.811493 -4.922015 6.953457 3.6116698 1 2 7.164235e-10 2 0 0 0 0 1 0 0 2.0134228 0
"bench_hetero3.csv"	4	0.00020393806	1
1 1 1.4239754 10.811493 -4.922015 6.953457 3.6116698 1 2 7.164235e-10 2 0 0 0 0 1 0 0 2.0134228 0
"bench_hetero3.csv"	1	0.047390075	1
1 1 1.4239754 10.811493 -4.922015 6.953457 3.6116698 1 2 7.164235e-10 2 0 0 0 0 1 0 0 2.0134228 0
"bench_hetero3.csv"	4	0.00018904463	1
1 1 1.4239754 10.811493 -4.922015 6.953457 3.6116698 1 2 7.164235e-10 2 0 0 0 0 1 0 0 2.0134228 0
"bench_hetero3.csv"	1	0.04729496	1
1 1 1.4239754 10.811493 -4.922015 6.953457 3.6116698 1 2 7.164235e-10 2 0 0 0 0 1 0 0 2.0134228 0
"bench_hetero3.csv"	4	9.4814346e-05	1
1 1 1.4239754 10.811493 -4.922015 6.953457 3.6116698 1 2 7.164235e-10 2 0 0 0 0 1 0 0 2.0134228 0
"bench_hetero3.csv"	1	0.047231279	1
1 1 1.4239754 10.811493 -4.922015 6.953457 3.6116698 1 2 7.164235e-10 2 0 0 0 0 1 0 0 2.0134228 0
"bench_hetero3.csv"	4	0.0001638053	1
1 1 1.4239754 10.811493 -4.922015 6.953457 3.6116698 1 2 7.164235e-10 2 0 0 0 0 1 0 0 2.0134228 0
"bench_hetero3.csv"	1	0.0033880212	1
1 1 1.4239754 10.811493 -4.922015 6.953457 3.6116698 1 2 7.164235e-10 2 0 0 0 0 1 0 0 2.0134228 0
"bench_hetero3.csv"	4	7.7240251e-05	1
1 1 1.4239754 10.811493 -4.922015 6.953457 3.6116698 1 2 7.164235e-10 2 0 0 0 0 1 0 0 2.0134228 0
"bench_hetero3.csv"	1	0.0015077116	1
1 1 1.4239754 10.811493 -4.922015 6.953457 3.6116698 1 2 7.164235e-10 2 0 0 0 0 1 0 0 2.0134228 0
"bench_hetero3.csv"	1	-0.44989142	1
1 1 1.4239754 10.811493 -4.922015 6.953457 3.6116698 1 2 7.164235e-10 2 0 0 0 0 1 0 0 2.0134228 0
"bench_hetero3.csv"	4	1.0217366e-05	1
1 1 1.4239754 10.811493 -4.922015 6.953457 3.6116698 1 2 7.164235e-10 2 0 0 0 0 1 0 0 2.0134228 0
"bench_hetero3.csv"	1	0.019426693	1
1 1 1.4239754 10.811493 -4.922015 6.953457 3.6116698 1 2 7.164235e-10 2 0 0 0 0 1 0 0 2.0134228 0
"bench_hetero3.csv"	1	-0.44986955	1
1 1 1.4239754 10.811493 -4.922015 6.953457 3.6116698 1 2 7.164235e-10 2 0 0 0 0 1 0 0 2.0134228 0
"bench_hetero3.csv"	1	0.00015814599	1
1 1 1.4239754 10.811493 -4.922015 6.953457 3.6116698 1 2 7.164235e-10 2 0 0 0 0 1 0 0 2.0134228 0
"bench_hetero3.csv"	12	-0.44986762	1
1 1 1.4239754 10.811493 -4.922015 6.953457 3.6116698 1 2 7.164235e-10 2 0 0 0 0 1 0 0 2.0134228 0
"bench_hetero3.csv"	4	0.00074544878	1
1 1 1.4239754 10.811493 -4.922015 6.953457 3.6116698 1 2 7.164235e-10 2 0 0 0 0 1 0 0 2.0134228 0
"bench_hetero3.csv"	1	-0.44976251	1
1 1 1.4239754 10.811493 -4.922015 6.953457 3.6116698 1 2 7.164235e-10 2 0 0 0 0 1 0 0 2.0134228 0
"bench_hetero3.csv"	4	0.0017189669	1
1 1 1.4239754 10.811493 -4.922015 6.953457 3.6116698 1 2 7.164235e-10 2 0 0 0 0 1 0 0 2.0134228 0
"bench_hetero3.csv"	1	0.0096961854	1
1 1 1.4239754 10.811493 -4.922015 6.953457 3.6116698 1 2 7.164235e-10 2 0 0 0 0 1 0 0 2.0134228 0
"bench_hetero3.csv"	4	0.00024949235	1
1 1 1.4239754 10.811493 -4.922015 6.953457 3.6116698 1 2 7.164235e-10 2 0 0 0 0 1 0 0 2.0134228 0
"bench_hetero3.csv"	1	0.0093807375	1
1 1 1.4239754 10.811493 -4.922015 6.953457 3.6116698 1 2 7.164235e-10 2 0 0 0 0 1 0 0 2.0134228 0
"bench_hetero3.csv"	1	0.00048055047	1
1 1 1.4239754 10.811493 -4.922015 6.953457 3.6116698 1 2 7.164235e-10 2 0 0 0 0 1 0 0 2.0134228 0
"bench_hetero3.csv"	4	0.00025275076	1
1 1 1.4239754 10.811493 -4.922015 6.953457 3.6116698 1 2 7.164235e-10 2 0 0 0 0 1 0 0 2.0134228 0
"bench_hetero3.csv"	1	0.00045368686	1
1 1 1.4239754 10.811493 -4.922015 6.953457 3.6116698 1 2 7.164235e-10 2 0 0 0 0 1 0 0 2.0134228 0
"bench_hetero3.csv"	4	0.00049806457	1
1 1 1.4239754 10.811493 -4.922015 6.953457 3.6116698 1 2 7.164235e-10 2 0 0 0 0 1 0 0 2.0134228 0
"bench_hetero3.csv"	1	0.00045945761	1
1 1 1.4239754 10.811493 -4.922015 6.953457 3.6116698 1 2 7.164235e-10 2 0 0 0 0 1 0 0 2.0134228 0
"bench_hetero3.csv"	4	0.00024270888	1
1 1 1.4239754 10.811493 -4.922015 6.953457 3.6116698 1 2 7.164235e-10 2 0 0 0 0 1 0 0 2.0134228 0
"bench_hetero3.csv"	1	0.00016670946	1
1 1 1.4239754 10.811493 -4.922015 6.953457 3.6116698 1 2 7.164235e-10 2 0 0 0 0 1 0 0 2.0134228 0
"bench_hetero3.csv"	4	0.00020748862	1
1 1 1.4239754 10.811493 -4.922015 6.953457 3.6116698 1 2 7.164235e-10 2 0 0 0 0 1 0 0 2.0134228 0
"bench_hetero3.csv"	1	0.00038160348	1
1 1 1.4239754 10.811493 -4.922015 6.953457 3.6116698 1 2 7.164235e-10 2 0 0 0 0 1 0 0 2.0134228 0
"bench_hetero3.csv"	4	0.00023317713	1
1 1 1.4239754 10.811493 -4.922015 6.953457 3.6116698 1 2 7.164235e-10 2 0 0 0 0 1 0 0 2.0134228 0
"bench_hetero3.csv"	1	0.00017779322	1
1 1 1.4239754 10.811493 -4.922015 6.953457 3.6116698 1 2 7.164235e-10 2 0 0 0 0 1 0 0 2.0134228 0
"bench_hetero3.csv"	4	0.0002703694	1
1 1 1.4239754 10.811493 -4.922015 6.953457 3.6116698 1 2 7.164235e-10 2 0 0 0 0 1 0 0 2.0134228 0
"bench_hetero3.csv"	1	0.00028652749	1
1 1 1.4239754 10.811493 -4.922015 6.953457 3.6116698 1 2 7.164235e-10 2 0 0 0 0 1 0 0 2.0134228 0
"bench_hetero3.csv"	4	0.00016945154	1
1 1 1.4239754 10.811493 -4.922015 6.953457 3.6116698 1 2 7.164235e-10 2 0 0 0 0 1 0 0 2.0134228 0
"bench_hetero3.csv"	1	0.00032149743	1
1 1 1.4239754 10.811493 -4.922015 6.953457 3.6116698 1 2 7.164235e-10 2 0 0 0 0 1 0 0 2.0134228 0
"bench_hetero3.csv"	4	0.00014203652	1
1 1 1.4239754 10.811493 -4.922015 6.953457 3.6116698 1 2 7.164235e-10 2 0 0 0 0 1 0 0 2.0134228 0
"bench_hetero3.csv"	1	0.00014982584	1
1 1 1.4239754 10.811493 -4.922015 6.953457 3.6116698 1 2 7.164235e-10 2 0 0 0 0 1 0 0 2.0134228 0
"bench_hetero3.csv"	4	0.00020431033	1
1 1 1.4239754 10.811493 -4.922015 6.953457 3.6116698 1 2 7.164235e-10 2 0 0 0 0 1 0 0 2.0134228 0
"bench_hetero3.csv"	1	0.00024944818	1
1 1 1.4239754 10.811493 -4.922015 6.953457 3.6116698 1 2 7.164235e-10 2 0 0 0 0 1 0 0 2.0134228 0
"bench_hetero3.csv"	4	0.00028660322	1
1 1 1.4239754 10.811493 -4.922015 6.953457 3.6116698 1 2 7.164235e-10 2 0 0 0 0 1 0 0 2.0134228 0
"bench_hetero3.csv"	1	0.00014354477	1
1 1 1.4239754 10.811493 -4.922015 6.953457 3.6116698 1 2 7.164235e-10 2 0 0 0 0 1 0 0 2.0134228 0
"bench_hetero3.csv"	4	0.00024627033	1
1 1 1.4239754 10.811493 -4.922015 6.953457 3.6116698 1 2 7.164235e-10 2 0 0 0 0 1 0 0 2.0134228 0
"bench_hetero3.csv"	1	0.00015607658	1
1 1 1.4239754 10.811493 -4.922015 6.953457 3.6116698 1 2 7.164235e-10 2 0 0 0 0 1 0 0 2.0134228 0
"bench_hetero3.csv"	4	0.0001846086	1
1 1 1.4239754 10.811493 -4.922015 6.953457 3.6116698 1 2 7.164235e-10 2 0 0 0 0 1 0 0 2.0134228 0
"bench_hetero3.csv"	1	9.2035067e-05	1
1 1 1.4239754 10.811493 -4.922015 6.953457 3.6116698 1 2 7.164235e-10 2 0 0 0 0 1 0 0 2.0134228 0
"bench_hetero3.csv"	4	0.00017388413	1
1 1 1.4239754 10.811493 -4.922015 6.953457 3.6116698 1 2 7.164235e-10 2 0 0 0 0 1 0 0 2.0134228 0
"bench_hetero3.csv"	1	0.00015174846	1
1 1 1.4239754 10.811493 -4.922015 6.953457 3.6116698 1 2 7.164235e-10 2 0 0 0 0 1 0 0 2.0134228 0
"bench_hetero3.csv"	4	3.8656807e-05	1
1 1 1.4239754 10.811493 -4.922015 6.953457 3.6116698 1 2 7.164235e-10 2 0 0 0 0 1 0 0 2.0134228 0
"bench_hetero3.csv"	1	9.6655662e-05	1
1 1 1.4239754 10.811493 -4.922015 6.953457 3.6116698 1 2 7.164235e-10 2 0 0 0 0 1 0 0 2.0134228 0
"bench_hetero3.csv"	4	9.2158416e-05	1
1 1 1.4239754 10.811493 -4.922015 6.953457 3.6116698 1 2 7.164235e-10 2 0 0 0 0 1 0 0 2.0134228 0
"bench_hetero3.csv"	1	8.9082259e-05	1
1 1 1.4239754 10.811493 -4.922015 6.953457 3.6116698 1 2 7.164235e-10 2 0 0 0 0 1 0 0 2.0134228 0
"bench_hetero3.csv"	4	0.00030640575	1
1 1 1.4239754 10.811493 -4.922015 6.953457 3.6116698 1 2 7.164235e-10 2 0 0 0 0 1 0 0 2.0134228 0
"bench_hetero3.csv"	1	0.00013969484	1
1 1 1.4239754 10.811493 -4.922015 6.953457 3.6116698 1 2 7.164235e-10 2 0 0 0 0 1 0 0 2.0134228 0
"bench_hetero3.csv"	4	9.1993901e-05	1
1 1 1.4239754 10.811493 -4.922015 6.953457 3.6116698 1 2 7.164235e-10 2 0 0 0 0 1 0 0 2.0134228 0
"bench_hetero3.csv"	1	0.00016158525	1
1 1 1.4239754 10.811493 -4.922015 6.953457 3.6116698 1 2 7.164235e-10 2 0 0 0 0 1 0 0 2.0134228 0
"bench_hetero3.csv"	4	0.00017783786	1
1 1 1.4239754 10.811493 -4.922015 6.953457 3.6116698 1 2 7.164235e-10 2 0 0 0 0 1 0 0 2.0134228 0
"bench_hetero3.csv"	3	0.00013490842	1
1 1 1.4239754 10.811493 -4.922015 6.953457 3.6116698 1 2 7.164235e-10 2 0 0 0 0 1 0 0 2.0134228 0
"bench_hetero3.csv"	1	-0.51175841	1
1 1 1.4239754 10.811493 -4.922015 6.953457 3.6116698 1 2 7.164235e-10 2 0 0 0 0 1 0 0 2.0134228 0
"bench_hetero3.csv"	12	-0.51175841	1
1 1 1.4239754 10.811493 -4.922015 6.953457 3.6116698 1 2 7.164235e-10 2 0 0 0 0 1 0 0 2.0134228 0
"bench_hetero3.csv"	4	0.00014047246	1
1 1 1.4239754 10.811493 -4.922015 6.953457 3.6116698 1 2 7.164235e-10 2 0 0 0 0 1 0 0 2.0134228 0
"bench_hetero3.csv"	21	-0.51175841	1
1 1 1.4239754 10.811493 -4.922015 6.953457 3.6116698 1 2 7.164235e-10 2 0 0 0 0 1 0 0 2.0134228 0
"bench_hetero3.csv"	2	0.00010149732	1
1 1 -0.045361096 0.50923543 -0.999975 0.999994 2.8026183 0.028358164 0.070407524 0.0096722582 2 0 0 0 0 1 0 0 2.9994483 0
"bench_hetero3.csv"	12	0.023141379	1
1 1 -0.045361096 0.50923543 -0.999975 0.999994 2.8026183 0.028358164 0.070407524 0.0096722582 2 0 0 0 0 1 0 0 2.9994483 0
"bench_hetero3.csv"	3	0.00014584385	1
1 1 -0.045361096 0.50923543 -0.999975 0.999994 2.8026183 0.028358164 0.070407524 0.0096722582 2 0 0 0 0 1 0 0 2.9994483 0
"bench_hetero3.csv"	3	0.00028552223	1
1 1 1.4239754 10.811493 -4.922015 6.953457 3.6116698 1 2 7.164235e-10 2 0 0 0 0 1 0 0 2.0134228 0
"bench_hetero3.csv"	1	-0.45023538	1
1 1 1.4239754 10.811493 -4.922015 6.953457 3.6116698 1 2 7.164235e-10 2 0 0 0 0 1 0 0 2.0134228 0
"bench_hetero3.csv"	12	-0.45023538	1
1 1 1.4239754 10.811493 -4.922015 6.953457 3.6116698 1 2 7.164235e-10 2 0 0 0 0 1 0 0 2.0134228 0
"bench_hetero3.csv"	4	0.001973966	1
1 1 1.4239754 10.811493 -4.922015 6.953457 3.6116698 1 2 7.164235e-10 2 0 0 0 0 1 0 0 2.0134228 0
"bench_hetero3.csv"	2	0.0027723107	1
1 1 1.4239754 10.811493 -4.922015 6.953457 3.6116698 1 2 7.164235e-10 2 0 0 0 0 1 0 0 2.0134228 0
"bench_hetero3.csv"	21	-0.45023538	1
1 1 1.4239754 10.811493 -4.922015 6.953457 3.6116698 1 2 7.164235e-10 2 0 0 0 0 1 0 0 2.0134228 0
"bench_hetero3.csv"	3	0.00028552223	1
1 1 1.4239754 10.811493 -4.922015 6.953457 3.6116698 1 2 7.164235e-10 2 0 0 0 0 1 0 0 2.0134228 0
"bench_hetero3.csv"	1	-0.45023538	1
1 1 1.4239754 10.811493 -4.922015 6.953457 3.6116698 1 2 7.164235e-10 2 0 0 0 0 1 0 0 2.0134228 0
"bench_hetero3.csv"	12	-0.45023538	1
1 1 1.4239754 10.811493 -4.922015 6.953457 3.6116698 1 2 7.164235e-10 2 0 0 0 0 1 0 0 2.0134228 0
"bench_hetero3.csv"	2	0.00090028934	1
1 1 1.4239754 10.811493 -4.922015 6.953457 3.6116698 1 2 7.164235e-10 2 0 0 0 0 1 0 0 2.0134228 0
"bench_hetero3.csv"	21	-0.45023538	1
1 1 1.4239754 10.811493 -4.922015 6.953457 3.6116698 1 2 7.164235e-10 2 0 0 0 0 1 0 0 2.0134228 0
"bench_hetero3.csv"	3	-0.45022782	1
1 1 1.4239754 10.811493 -4.922015 6.953457 3.6116698 1 2 7.164235e-10 2 0 0 0 0 1 0 0 2.0134228 0
"bench_hetero3.csv"	3	0.00031617161	1
1 1 1.4239754 10.811493 -4.922015 6.953457 3.6116698 1 2 7.164235e-10 2 0 0 0 0 1 0 0 2.0134228 0
"bench_hetero3.csv"	1	-0.45000955	1
1 1 1.4239754 10.811493 -4.922015 6.953457 3.6116698 1 2 7.164235e-10 2 0 0 0 0 1 0 0 2.0134228 0
"bench_hetero3.csv"	12	-0.45000955	1
1 1 1.4239754 10.811493 -4.922015 6.953457 3.6116698 1 2 7.164235e-10 2 0 0 0 0 1 0 0 2.0134228 0
"bench_hetero3.csv"	2	8.2083589e-05	1
1 1 1.4239754 10.811493 -4.922015 6.953457 3.6116698 1 2 7.164235e-10 2 0 0 0 0 1 0 0 2.0134228 0
"bench_hetero3.csv"	21	0.041102883	1
1 1 1.4239754 10.811493 -4.922015 6.953457 3.6116698 1 2 7.164235e-10 2 0 0 0 0 1 0 0 2.0134228 0
"bench_hetero3.csv"	3	0.00042371707	1
1 1 1.4239754 10.811493 -4.922015 6.953457 3.6116698 1 2 7.164235e-10 2 0 0 0 0 1 0 0 2.0134228 0
"bench_hetero3.csv"	1	-0.45000538	1
1 1 1.4239754 10.811493 -4.922015 6.953457 3.6116698 1 2 7.164235e-10 2 0 0 0 0 1 0 0 2.0134228 0
"bench_hetero3.csv"	12	-0.45000538	1
1 1 1.4239754 10.811493 -4.922015 6.953457 3.6116698 1 2 7.164235e-10 2 0 0 0 0 1 0 0 2.0134228 0
"bench_hetero3.csv"	4	0.00041123554	1
1 1 1.4239754 10.811493 -4.922015 6.953457 3.6116698 1 2 7.164235e-10 2 0 0 0 0 1 0 0 2.0134228 0
"bench_hetero3.csv"	21	0.055861943	1
1 1 1.4239754 10.811493 -4.922015 6.953457 3.6116698 1 2 7.164235e-10 2 0 0 0 0 1 0 0 2.0134228 0
"bench_hetero3.csv"	11	-0.44989249	1
1 1 1.4239754 10.811493 -4.922015 6.953457 3.6116698 1 2 7.164235e-10 2 0 0 0 0 1 0 0 2.0134228 0
"bench_hetero3.csv"	3	0.058205165	1
1 1 1.4239754 10.811493 -4.922015 6.953457 3.6116698 1 2 7.164235e-10 2 0 0 0 0 1 0 0 2.0134228 0
"bench_hetero3.csv"	3	0.00024090663	1
1 1 1.4239754 10.811493 -4.922015 6.953457 3.6116698 1 2 7.164235e-10 2 0 0 0 0 1 0 0 2.0134228 0
"bench_hetero3.csv"	1	0.00026773799	1
1 1 1.4239754 10.811493 -4.922015 6.953457 3.6116698 1 2 7.164235e-10 2 0 0 0 0 1 0 0 2.0134228 0
"bench_hetero3.csv"	4	5.7165585e-05	1
1 1 1.4239754 10.811493 -4.922015 6.953457 3.6116698 1 2 7.164235e-10 2 0 0 0 0 1 0 0 2.0134228 0
"bench_hetero3.csv"	2	0.00077616004	1
1 1 1.4239754 10.811493 -4.922015 6.953457 3.6116698 1 2 7.164235e-10 2 0 0 0 0 1 0 0 2.0134228 0
"bench_hetero3.csv"	3	9.2883307e-05	1
1 1 1.4239754 10.811493 -4.922015 6.953457 3.6116698 1 2 7.164235e-10 2 0 0 0 0 1 0 0 2.0134228 0
"bench_hetero3.csv"	12	-0.4498658	1
1 1 1.4239754 10.811493 -4.922015 6.953457 3.6116698 1 2 7.164235e-10 2 0 0 0 0 1 0 0 2.0134228 0
"bench_hetero3.csv"	4	9.3254357e-05	1
1 1 1.4239754 10.811493 -4.922015 6.953457 3.6116698 1 2 7.164235e-10 2 0 0 0 0 1 0 0 2.0134228 0
"bench_hetero3.csv"	2	5.0444779e-05	1
1 1 1.4239754 10.811493 -4.922015 6.953457 3.6116698 1 2 7.164235e-10 2 0 0 0 0 1 0 0 2.0134228 0
"bench_hetero3.csv"	21	-0.4498658	1
1 1 1.4239754 10.811493 -4.922015 6.953457 3.6116698 1 2 7.164235e-10 2 0 0 0 0 1 0 0 2.0134228 0
"bench_hetero3.csv"	3	9.2883307e-05	1
1 1 1.4239754 10.811493 -4.922015 6.953457 3.6116698 1 2 7.164235e-10 2 0 0 0 0 1 0 0 2.0134228 0
"bench_hetero3.csv"	1	0.00015663336	1
1 1 1.4239754 10.811493 -4.922015 6.953457 3.6116698 1 2 7.164235e-10 2 0 0 0 0 1 0 0 2.0134228 0
"bench_hetero3.csv"	4	0.00020468248	1
1 1 1.4239754 10.811493 -4.922015 6.953457 3.6116698 1 2 7.164235e-10 2 0 0 0 0 1 0 0 2.0134228 0
"bench_hetero3.csv"	2	0.00015500951	1
1 1 1.4239754 10.811493 -4.922015 6.953457 3.6116698 1 2 7.164235e-10 2 0 0 0 0 1 0 0 2.0134228 0
"bench_hetero3.csv"	3	0.00011814618	1
1 1 1.4239754 10.811493 -4.922015 6.953457 3.6116698 1 2 7.164235e-10 2 0 0 0 0 1 0 0 2.0134228 0
"bench_hetero3.csv"	4	0.00018101364	1
1 1 1.4239754 10.811493 -4.922015 6.953457 3.6116698 1 2 7.164235e-10 2 0 0 0 0 1 0 0 2.0134228 0
"bench_hetero3.csv"	2	4.8761522e-05	1
1 1 1.4239754 10.811493 -4.922015 6.953457 3.6116698 1 2 7.164235e-10 2 0 0 0 0 1 0 0 2.0134228 0
"bench_hetero3.csv"	3	1.9738968e-05	1
1 1 1.4239754 10.811493 -4.922015 6.953457 3.6116698 1 2 7.164235e-10 2 0 0 0 0 1 0 0 2.0134228 0
"bench_hetero3.csv"	1	0.017372287	1
1 1 1.4239754 10.811493 -4.922015 6.953457 3.6116698 1 2 7.164235e-10 2 0 0 0 0 1 0 0 2.0134228 0
"bench_hetero3.csv"	4	9.2722698e-05	1
1 1 1.4239754 10.811493 -4.922015 6.953457 3.6116698 1 2 7.164235e-10 2 0 0 0 0 1 0 0 2.0134228 0
"bench_hetero3.csv"	3	0.0033771299	1
1 1 1.4239754 10.811493 -4.922015 6.953457 3.6116698 1 2 7.164235e-10 2 0 0 0 0 1 0 0 2.0134228 0
"bench_hetero3.csv"	1	0.009435481	1
1 1 1.4239754 10.811493 -4.922015 6.953457 3.6116698 1 2 7.164235e-10 2 0 0 0 0 1 0 0 2.0134228 0
"bench_hetero3.csv"	4	0.0001447795	1
1 1 1.4239754 10.811493 -4.922015 6.953457 3.6116698 1 2 7.164235e-10 2 0 0 0 0 1 0 0 2.0134228 0
"bench_hetero3.csv"	2	2.9581648e-05	1
1 1 1.4239754 10.811493 -4.922015 6.953457 3.6116698 1 2 7.164235e-10 2 0 0 0 0 1 0 0 2.0134228 0
"bench_hetero3.csv"	3	0.0001453813	1
1 1 1.4239754 10.811493 -4.922015 6.953457 3.6116698 1 2 7.164235e-10 2 0 0 0 0 1 0 0 2.0134228 0
"bench_hetero3.csv"	1	-0.44987067	1
1 1 1.4239754 10.811493 -4.922015 6.953457 3.6116698 1 2 7.164235e-10 2 0 0 0 0 1 0 0 2.0134228 0
"bench_hetero3.csv"	12	-0.44987067	1
1 1 1.4239754 10.811493 -4.922015 6.953457 3.6116698 1 2 7.164235e-10 2 0 0 0 0 1 0 0 2.0134228 0
"bench_hetero3.csv"	4	2.0247497e-06	1
1 1 1.4239754 10.811493 -4.922015 6.953457 3.6116698 1 2 7.164235e-10 2 0 0 0 0 1 0 0 2.0134228 0
"bench_hetero3.csv"	2	1.0954564e-07	1
1 1 1.4239754 10.811493 -4.922015 6.953457 3.6116698 1 2 7.164235e-10 2 0 0 0 0 1 0 0 2.0134228 0
"bench_hetero3.csv"	21	0.051704179	1
1 1 1.4239754 10.811493 -4.922015 6.953457 3.6116698 1 2 7.164235e-10 2 0 0 0 0 1 0 0 2.0134228 0
"bench_hetero3.csv"	3	0.00054910259	1
1 1 1.4239754 10.811493 -4.922015 6.953457 3.6116698 1 2 7.164235e-10 2 0 0 0 0 1 0 0 2.0134228 0
"bench_hetero3.csv"	1	-0.44987067	1
1 1 1.4239754 10.811493 -4.922015 6.953457 3.6116698 1 2 7.164235e-10 2 0 0 0 0 1 0 0 2.0134228 0
"bench_hetero3.csv"	4	4.4636034e-05	1
1 1 1.4239754 10.811493 -4.922015 6.953457 3.6116698 1 2 7.164235e-10 2 0 0 0 0 1 0 0 2.0134228 0
"bench_hetero3.csv"	2	9.2172667e-05	1
1 1 1.4239754 10.811493 -4.922015 6.953457 3.6116698 1 2 7.164235e-10 2 0 0 0 0 1 0 0 2.0134228 0
"bench_hetero3.csv"	3	0.0089151985	1
1 1 1.4239754 10.811493 -4.922015 6.953457 3.6116698 1 2 7.164235e-10 2 0 0 0 0 1 0 0 2.0134228 0
"bench_hetero3.csv"	3	0.0016624089	1
1 1 1.4239754 10.811493 -4.922015 6.953457 3.6116698 1 2 7.164235e-10 2 0 0 0 0 1 0 0 2.0134228 0
"bench_hetero3.csv"	1	0.013209315	1
1 1 1.4239754 10.811493 -4.922015 6.953457 3.6116698 1 2 7.164235e-10 2 0 0 0 0 1 0 0 2.0134228 0
"bench_hetero3.csv"	4	3.6332952e-05	1
1 1 1.4239754 10.811493 -4.922015 6.953457 3.6116698 1 2 7.164235e-10 2 0 0 0 0 1 0 0 2.0134228 0
"bench_hetero3.csv"	2	0.00011446513	1
1 1 1.4239754 10.811493 -4.922015 6.953457 3.6116698 1 2 7.164235e-10 2 0 0 0 0 1 0 0 2.0134228 0
"bench_hetero3.csv"	3	6.9467934e-05	1
1 1 1.4239754 10.811493 -4.922015 6.953457 3.6116698 1 2 7.164235e-10 2 0 0 0 0 1 0 0 2.0134228 0
"bench_hetero3.csv"	1	0.04995342	1
1 1 1.4239754 10.811493 -4.922015 6.953457 3.6116698 1 2 7.164235e-10 2 0 0 0 0 1 0 0 2.0134228 0
"bench_hetero3.csv"	12	-0.44987047	1
1 1 1.4239754 10.811493 -4.922015 6.953457 3.6116698 1 2 7.164235e-10 2 0 0 0 0 1 0 0 2.0134228 0
"bench_hetero3.csv"	4	0.0001056929	1
1 1 1.4239754 10.811493 -4.922015 6.953457 3.6116698 1 2 7.164235e-10 2 0 0 0 0 1 0 0 2.0134228 0
"bench_hetero3.csv"	2	1.3996204e-06	1
1 1 1.4239754 10.811493 -4.922015 6.953457 3.6116698 1 2 7.164235e-10 2 0 0 0 0 1 0 0 2.0134228 0
"bench_hetero3.csv"	21	-0.44987047	1
1 1 1.4239754 10.811493 -4.922015 6.953457 3.6116698 1 2 7.164235e-10 2 0 0 0 0 1 0 0 2.0134228 0
"bench_hetero3.csv"	3	0.00054369384	1
1 1 1.4239754 10.811493 -4.922015 6.953457 3.6116698 1 2 7.164235e-10 2 0 0 0 0 1 0 0 2.0134228 0
"bench_hetero3.csv"	1	-0.44987047	1
1 1 1.4239754 10.811493 -4.922015 6.953457 3.6116698 1 2 7.164235e-10 2 0 0 0 0 1 0 0 2.0134228 0
"bench_hetero3.csv"	4	1.4160112e-05	1
1 1 1.4239754 10.811493 -4.922015 6.953457 3.6116698 1 2 7.164235e-10 2 0 0 0 0 1 0 0 2.0134228 0
"bench_hetero3.csv"	2	8.5743783e-05	1
1 1 1.4239754 10.811493 -4.922015 6.953457 3.6116698 1 2 7.164235e-10 2 0 0 0 0 1 0 0 2.0134228 0
"bench_hetero3.csv"	3	0.0028534929	1
1 1 1.4239754 10.811493 -4.922015 6.953457 3.6116698 1 2 7.164235e-10 2 0 0 0 0 1 0 0 2.0134228 0
"bench_hetero3.csv"	3	1.8082355e-05	1
1 1 1.4239754 10.811493 -4.922015 6.953457 3.6116698 1 2 7.164235e-10 2 0 0 0 0 1 0 0 2.0134228 0
"bench_hetero3.csv"	1	0.011426485	1
1 1 1.4239754 10.811493 -4.922015 6.953457 3.6116698 1 2 7.164235e-10 2 0 0 0 0 1 0 0 2.0134228 0
"bench_hetero3.csv"	12	-0.44987075	1
1 1 1.4239754 10.811493 -4.922015 6.953457 3.6116698 1 2 7.164235e-10 2 0 0 0 0 1 0 0 2.0134228 0
"bench_hetero3.csv"	4	0.00010600798	1
1 1 1.4239754 10.811493 -4.922015 6.953457 3.6116698 1 2 7.164235e-10 2 0 0 0 0 1 0 0 2.0134228 0
"bench_hetero3.csv"	2	8.2075417e-06	1
1 1 1.4239754 10.811493 -4.922015 6.953457 3.6116698 1 2 7.164235e-10 2 0 0 0 0 1 0 0 2.0134228 0
"bench_hetero3.csv"	21	0.048002821	1
1 1 1.4239754 10.811493 -4.922015 6.953457 3.6116698 1 2 7.164235e-10 2 0 0 0 0 1 0 0 2.0134228 0
"bench_hetero3.csv"	3	0.0033035834	1
1 1 1.4239754 10.811493 -4.922015 6.953457 3.6116698 1 2 7.164235e-10 2 0 0 0 0 1 0 0 2.0134228 0
"bench_hetero3.csv"	1	0.0095575119	1
1 1 1.4239754 10.811493 -4.922015 6.953457 3.6116698 1 2 7.164235e-10 2 0 0 0 0 1 0 0 2.0134228 0
"bench_hetero3.csv"	4	2.7888196e-05	1
1 1 1.4239754 10.811493 -4.922015 6.953457 3.6116698 1 2 7.164235e-10 2 0 0 0 0 1 0 0 2.0134228 0
"bench_hetero3.csv"	2	1.897859e-05	1
1 1 1.4239754 10.811493 -4.922015 6.953457 3.6116698 1 2 7.164235e-10 2 0 0 0 0 1 0 0 2.0134228 0
"bench_hetero3.csv"	3	0.012978758	1
1 1 1.4239754 10.811493 -4.922015 6.953457 3.6116698 1 2 7.164235e-10 2 0 0 0 0 1 0 0 2.0134228 0
"bench_hetero3.csv"	1	-0.44987075	1
1 1 1.4239754 10.811493 -4.922015 6.953457 3.6116698 1 2 7.164235e-10 2 0 0 0 0 1 0 0 2.0134228 0
"bench_hetero3.csv"	4	1.3704992e-06	1
1 1 1.4239754 10.811493 -4.922015 6.953457 3.6116698 1 2 7.164235e-10 2 0 0 0 0 1 0 0 2.0134228 0
"bench_hetero3.csv"	2	0.0015921049	1
1 1 1.4239754 10.811493 -4.922015 6.953457 3.6116698 1 2 7.164235e-10 2 0 0 0 0 1 0 0 2.0134228 0
"bench_hetero3.csv"	3	1.8082355e-05	1
1 1 1.4239754 10.811493 -4.922015 6.953457 3.6116698 1 2 7.164235e-10 2 0 0 0 0 1 0 0 2.0134228 0
"bench_hetero3.csv"	3	5.5099123e-05	1
1 1 1.4239754 10.811493 -4.922015 6.953457 3.6116698 1 2 7.164235e-10 2 0 0 0 0 1 0 0 2.0134228 0
"bench_hetero3.csv"	1	0.011985249	1
1 1 1.4239754 10.811493 -4.922015 6.953457 3.6116698 1 2 7.164235e-10 2 0 0 0 0 1 0 0 2.0134228 0
"bench_hetero3.csv"	12	-0.44987152	1
1 1 1.4239754 10.811493 -4.922015 6.953457 3.6116698 1 2 7.164235e-10 2 0 0 0 0 1 0 0 2.0134228 0
"bench_hetero3.csv"	4	0.00012950624	1
1 1 1.4239754 10.811493 -4.922015 6.953457 3.6116698 1 2 7.164235e-10 2 0 0 0 0 1 0 0 2.0134228 0
"bench_hetero3.csv"	2	0.00094706139	1
1 1 1.4239754 10.811493 -4.922015 6.953457 3.6116698 1 2 7.164235e-10 2 0 0 0 0 1 0 0 2.0134228 0
"bench_hetero3.csv"	21	-0.44987152	1
1 1 1.4239754 10.811493 -4.922015 6.953457 3.6116698 1 2 7.164235e-10 2 0 0 0 0 1 0 0 2.0134228 0
"bench_hetero3.csv"	3	0.0015124165	1
1 1 1.4239754 10.811493 -4.922015 6.953457 3.6116698 1 2 7.164235e-10 2 0 0 0 0 1 0 0 2.0134228 0
"bench_hetero3.csv"	1	0.0098334926	1
1 1 1.4239754 10.811493 -4.922015 6.953457 3.6116698 1 2 7.164235e-10 2 0 0 0 0 1 0 0 2.0134228 0
"bench_hetero3.csv"	4	5.5911875e-05	1
1 1 1.4239754 10.811493 -4.922015 6.953457 3.6116698 1 2 7.164235e-10 2 0 0 0 0 1 0 0 2.0134228 0
"bench_hetero3.csv"	2	8.9025355e-05	1
1 1 1.4239754 10.811493 -4.922015 6.953457 3.6116698 1 2 7.164235e-10 2 0 0 0 0 1 0 0 2.0134228 0
"bench_hetero3.csv"	3	5.5099123e-05	1
1 1 1.4239754 10.811493 -4.922015 6.953457 3.6116698 1 2 7.164235e-10 2 0 0 0 0 1 0 0 2.0134228 0
"bench_hetero3.csv"	1	0.057299667	1
1 1 1.4239754 10.811493 -4.922015 6.953457 3.6116698 1 2 7.164235e-10 2 0 0 0 0 1 0 0 2.0134228 0
"bench_hetero3.csv"	12	-0.44987152	1
1 1 1.4239754 10.811493 -4.922015 6.953457 3.6116698 1 2 7.164235e-10 2 0 0 0 0 1 0 0 2.0134228 0
"bench_hetero3.csv"	4	0.00021550915	1
1 1 1.4239754 10.811493 -4.922015 6.953457 3.6116698 1 2 7.164235e-10 2 0 0 0 0 1 0 0 2.0134228 0
"bench_hetero3.csv"	3	7.1094017e-05	1
1 1 1.4239754 10.811493 -4.922015 6.953457 3.6116698 1 2 7.164235e-10 2 0 0 0 0 1 0 0 2.0134228 0
"bench_hetero3.csv"	1	1.377633e-05	1
1 1 1.4239754 10.811493 -4.922015 6.953457 3.6116698 1 2 7.164235e-10 2 0 0 0 0 1 0 0 2.0134228 0
"bench_hetero3.csv"	4	4.1148166e-05	1
1 1 1.4239754 10.811493 -4.922015 6.953457 3.6116698 1 2 7.164235e-10 2 0 0 0 0 1 0 0 2.0134228 0
"bench_hetero3.csv"	2	0.00017327007	1
1 1 1.4239754 10.811493 -4.922015 6.953457 3.6116698 1 2 7.164235e-10 2 0 0 0 0 1 0 0 2.0134228 0
"bench_hetero3.csv"	3	3.6027696e-05	1
1 1 1.4239754 10.811493 -4.922015 6.953457 3.6116698 1 2 7.164235e-10 2 0 0 0 0 1 0 0 2.0134228 0
"bench_hetero3.csv"	4	3.8574234e-05	1
1 1 1.4239754 10.811493 -4.922015 6.953457 3.6116698 1 2 7.164235e-10 2 0 0 0 0 1 0 0 2.0134228 0
"bench_hetero3.csv"	2	1.5731683e-05	1
1 1 1.4239754 10.811493 -4.922015 6.953457 3.6116698 1 2 7.164235e-10 2 0 0 0 0 1 0 0 2.0134228 0
"bench_hetero3.csv"	3	1.414613e-05	1
1 1 1.4239754 10.811493 -4.922015 6.953457 3.6116698 1 2 7.164235e-10 2 0 0 0 0 1 0 0 2.0134228 0
"bench_hetero3.csv"	1	0.054079418	1
1 1 1.4239754 10.811493 -4.922015 6.953457 3.6116698 1 2 7.164235e-10 2 0 0 0 0 1 0 0 2.0134228 0
"bench_hetero3.csv"	4	0.00052202432	1
1 1 1.4239754 10.811493 -4.922015 6.953457 3.6116698 1 2 7.164235e-10 2 0 0 0 0 1 0 0 2.0134228 0
"bench_hetero3.csv"	2	0.00057967653	1
1 1 1.4239754 10.811493 -4.922015 6.953457 3.6116698 1 2 7.164235e-10 2 0 0 0 0 1 0 0 2.0134228 0
"bench_hetero3.csv"	3	7.1094017e-05	1
1 1 1.4239754 10.811493 -4.922015 6.953457 3.6116698 1 2 7.164235e-10 2 0 0 0 0 1 0 0 2.0134228 0
"bench_hetero3.csv"	12	-0.44985993	1
1 1 1.4239754 10.811493 -4.922015 6.953457 3.6116698 1 2 7.164235e-10 2 0 0 0 0 1 0 0 2.0134228 0
"bench_hetero3.csv"	4	5.1293852e-05	1
1 1 1.4239754 10.811493 -4.922015 6.953457 3.6116698 1 2 7.164235e-10 2 0 0 0 0 1 0 0 2.0134228 0
"bench_hetero3.csv"	2	0.00041882826	1
1 1 1.4239754 10.811493 -4.922015 6.953457 3.6116698 1 2 7.164235e-10 2 0 0 0 0 1 0 0 2.0134228 0
"bench_hetero3.csv"	3	0.00026471992	1
1 1 1.4239754 10.811493 -4.922015 6.953457 3.6116698 1 2 7.164235e-10 2 0 0 0 0 1 0 0 2.0134228 0
"bench_hetero3.csv"	2	6.4712575e-06	1
1 1 1.4239754 10.811493 -4.922015 6.953457 3.6116698 1 2 7.164235e-10 2 0 0 0 0 1 0 0 2.0134228 0
"bench_hetero3.csv"	3	0.0002685395	1
1 1 1.4239754 10.811493 -4.922015 6.953457 3.6116698 1 2 7.164235e-10 2 0 0 0 0 1 0 0 2.0134228 0
"bench_hetero3.csv"	2	0.00016049901	1
1 1 1.4239754 10.811493 -4.922015 6.953457 3.6116698 1 2 7.164235e-10 2 0 0 0 0 1 0 0 2.0134228 0
"bench_hetero3.csv"	3	2.9464745e-06	1
1 1 1.4239754 10.811493 -4.922015 6.953457 3.6116698 1 2 7.164235e-10 2 0 0 0 0 1 0 0 2.0134228 0
"bench_hetero3.csv"	1	0.0086947332	1
1 1 1.4239754 10.811493 -4.922015 6.953457 3.6116698 1 2 7.164235e-10 2 0 0 0 0 1 0 0 2.0134228 0
"bench_hetero3.csv"	4	0.00029393432	1
1 1 1.4239754 10.811493 -4.922015 6.953457 3.6116698 1 2 7.164235e-10 2 0 0 0 0 1 0 0 2.0134228 0
"bench_hetero3.csv"	2	0.0012952528	1
1 1 1.4239754 10.811493 -4.922015 6.953457 3.6116698 1 2 7.164235e-10 2 0 0 0 0 1 0 0 2.0134228 0
"bench_hetero3.csv"	3	0.00026243352	1
1 1 1.4239754 10.811493 -4.922015 6.953457 3.6116698 1 2 7.164235e-10 2 0 0 0 0 1 0 0 2.0134228 0
"bench_hetero3.csv"	1	1.7007371e-05	1
1 1 1.4239754 10.811493 -4.922015 6.953457 3.6116698 1 2 7.164235e-10 2 0 0 0 0 1 0 0 2.0134228 0
"bench_hetero3.csv"	4	0.0001662788	1
1 1 1.4239754 10.811493 -4.922015 6.953457 3.6116698 1 2 7.164235e-10 2 0 0 0 0 1 0 0 2.0134228 0
"bench_hetero3.csv"	3	1.1559353e-05	1
1 1 1.4239754 10.811493 -4.922015 6.953457 3.6116698 1 2 7.164235e-10 2 0 0 0 0 1 0 0 2.0134228 0
"bench_hetero3.csv"	4	5.8968402e-05	1
1 1 1.4239754 10.811493 -4.922015 6.953457 3.6116698 1 2 7.164235e-10 2 0 0 0 0 1 0 0 2.0134228 0
"bench_hetero3.csv"	2	0.00012314981	1
1 1 1.4239754 10.811493 -4.922015 6.953457 3.6116698 1 2 7.164235e-10 2 0 0 0 0 1 0 0 2.0134228 0
"bench_hetero3.csv"	3	1.1559365e-05	1
1 1 1.4239754 10.811493 -4.922015 6.953457 3.6116698 1 2 7.164235e-10 2 0 0 0 0 1 0 0 2.0134228 0
"bench_hetero3.csv"	4	8.8408805e-05	1
1 1 1.4239754 10.811493 -4.922015 6.953457 3.6116698 1 2 7.164235e-10 2 0 0 0 0 1 0 0 2.0134228 0
"bench_hetero3.csv"	2	5.3150071e-06	1
1 1 1.4239754 10.811493 -4.922015 6.953457 3.6116698 1 2 7.164235e-10 2 0 0 0 0 1 0 0 2.0134228 0
"bench_hetero3.csv"	3	8.0590826e-06	1
1 1 1.4239754 10.811493 -4.922015 6.953457 3.6116698 1 2 7.164235e-10 2 0 0 0 0 1 0 0 2.0134228 0
"bench_hetero3.csv"	1	8.6090546e-06	1
1 1 1.4239754 10.811493 -4.922015 6.953457 3.6116698 1 2 7.164235e-10 2 0 0 0 0 1 0 0 2.0134228 0
"bench_hetero3.csv"	4	8.0675656e-06	1
1 1 1.4239754 10.811493 -4.922015 6.953457 3.6116698 1 2 7.164235e-10 2 0 0 0 0 1 0 0 2.0134228 0
"bench_hetero3.csv"	2	0.00167545	1
1 1 1.4239754 10.811493 -4.922015 6.953457 3.6116698 1 2 7.164235e-10 2 0 0 0 0 1 0 0 2.0134228 0
"bench_hetero3.csv"	3	9.2879779e-06	1
1 1 1.4239754 10.811493 -4.922015 6.953457 3.6116698 1 2 7.164235e-10 2 0 0 0 0 1 0 0 2.0134228 0
"bench_hetero3.csv"	1	0.00013864894	1
1 1 1.4239754 10.811493 -4.922015 6.953457 3.6116698 1 2 7.164235e-10 2 0 0 0 0 1 0 0 2.0134228 0
"bench_hetero3.csv"	4	-0.44986614	1
1 1 1.4239754 10.811493 -4.922015 6.953457 3.6116698 1 2 7.164235e-10 2 0 0 0 0 1 0 0 2.0134228 0
"bench_hetero3.csv"	2	0.007817433	1
1 1 1.4239754 10.811493 -4.922015 6.953457 3.6116698 1 2 7.164235e-10 2 0 0 0 0 1 0 0 2.0134228 0
"bench_hetero3.csv"	3	7.5029295e-05	1
1 1 1.4239754 10.811493 -4.922015 6.953457 3.6116698 1 2 7.164235e-10 2 0 0 0 0 1 0 0 2.0134228 0
"bench_hetero3.csv"	4	0.00031702905	1
1 1 1.4239754 10.811493 -4.922015 6.953457 3.6116698 1 2 7.164235e-10 2 0 0 0 0 1 0 0 2.0134228 0
"bench_hetero3.csv"	2	2.4875203e-05	1
1 1 1.4239754 10.811493 -4.922015 6.953457 3.6116698 1 2 7.164235e-10 2 0 0 0 0 1 0 0 2.0134228 0
"bench_hetero3.csv"	4	5.5928532e-06	1
1 1 1.4239754 10.811493 -4.922015 6.953457 3.6116698 1 2 7.164235e-10 2 0 0 0 0 1 0 0 2.0134228 0
"bench_hetero3.csv"	2	0.0003568065	1
1 1 1.4239754 10.811493 -4.922015 6.953457 3.6116698 1 2 7.164235e-10 2 0 0 0 0 1 0 0 2.0134228 0
"bench_hetero3.csv"	3	8.6928376e-06	1
1 1 1.4239754 10.811493 -4.922015 6.953457 3.6116698 1 2 7.164235e-10 2 0 0 0 0 1 0 0 2.0134228 0
"bench_hetero3.csv"	1	0.010384605	1
1 1 1.4239754 10.811493 -4.922015 6.953457 3.6116698 1 2 7.164235e-10 2 0 0 0 0 1 0 0 2.0134228 0
"bench_hetero3.csv"	12	-0.44986517	1
1 1 1.4239754 10.811493 -4.922015 6.953457 3.6116698 1 2 7.164235e-10 2 0 0 0 0 1 0 0 2.0134228 0
"bench_hetero3.csv"	4	8.7325345e-06	1
1 1 1.4239754 10.811493 -4.922015 6.953457 3.6116698 1 2 7.164235e-10 2 0 0 0 0 1 0 0 2.0134228 0
"bench_hetero3.csv"	2	0.0024013079	1
1 1 1.4239754 10.811493 -4.922015 6.953457 3.6116698 1 2 7.164235e-10 2 0 0 0 0 1 0 0 2.0134228 0
"bench_hetero3.csv"	21	0.0041993312	1
1 1 1.4239754 10.811493 -4.922015 6.953457 3.6116698 1 2 7.164235e-10 2 0 0 0 0 1 0 0 2.0134228 0
"bench_hetero3.csv"	3	0.010188276	1
1 1 1.4239754 10.811493 -4.922015 6.953457 3.6116698 1 2 7.164235e-10 2 0 0 0 0 1 0 0 2.0134228 0
"bench_hetero3.csv"	1	0.0029662694	1
1 1 1.4239754 10.811493 -4.922015 6.953457 3.6116698 1 2 7.164235e-10 2 0 0 0 0 1 0 0 2.0134228 0
"bench_hetero3.csv"	4	0.00017087534	1
1 1 1.4239754 10.811493 -4.922015 6.953457 3.6116698 1 2 7.164235e-10 2 0 0 0 0 1 0 0 2.0134228 0
"bench_hetero3.csv"	2	7.1141337e-06	1
1 1 1.4239754 10.811493 -4.922015 6.953457 3.6116698 1 2 7.164235e-10 2 0 0 0 0 1 0 0 2.0134228 0
"bench_hetero3.csv"	3	0.0051026475	1
1 1 1.4239754 10.811493 -4.922015 6.953457 3.6116698 1 2 7.164235e-10 2 0 0 0 0 1 0 0 2.0134228 0
"bench_hetero3.csv"	1	-0.44986517	1
1 1 1.4239754 10.811493 -4.922015 6.953457 3.6116698 1 2 7.164235e-10 2 0 0 0 0 1 0 0 2.0134228 0
"bench_hetero3.csv"	4	7.0316313e-05	1
1 1 1.4239754 10.811493 -4.922015 6.953457 3.6116698 1 2 7.164235e-10 2 0 0 0 0 1 0 0 2.0134228 0
"bench_hetero3.csv"	2	0.0026446566	1
1 1 1.4239754 10.811493 -4.922015 6.953457 3.6116698 1 2 7.164235e-10 2 0 0 0 0 1 0 0 2.0134228 0
"bench_hetero3.csv"	3	8.692837e-06	1
1 1 1.4239754 10.811493 -4.922015 6.953457 3.6116698 1 2 7.164235e-10 2 0 0 0 0 1 0 0 2.0134228 0
"bench_hetero3.csv"	1	0.0012809047	1
1 1 1.4239754 10.811493 -4.922015 6.953457 3.6116698 1 2 7.164235e-10 2 0 0 0 0 1 0 0 2.0134228 0
"bench_hetero3.csv"	4	0.00031834414	1
1 1 1.4239754 10.811493 -4.922015 6.953457 3.6116698 1 2 7.164235e-10 2 0 0 0 0 1 0 0 2.0134228 0
"bench_hetero3.csv"	3	0.000297464	1
1 1 1.4239754 10.811493 -4.922015 6.953457 3.6116698 1 2 7.164235e-10 2 0 0 0 0 1 0 0 2.0134228 0
"bench_hetero3.csv"	1	-0.44986672	1
1 1 1.4239754 10.811493 -4.922015 6.953457 3.6116698 1 2 7.164235e-10 2 0 0 0 0 1 0 0 2.0134228 0
"bench_hetero3.csv"	4	7.8914009e-06	1
1 1 1.4239754 10.811493 -4.922015 6.953457 3.6116698 1 2 7.164235e-10 2 0 0 0 0 1 0 0 2.0134228 0
"bench_hetero3.csv"	2	0.00016167419	1
1 1 1.4239754 10.811493 -4.922015 6.953457 3.6116698 1 2 7.164235e-10 2 0 0 0 0 1 0 0 2.0134228 0
"bench_hetero3.csv"	3	7.0030452e-06	1
1 1 1.4239754 10.811493 -4.922015 6.953457 3.6116698 1 2 7.164235e-10 2 0 0 0 0 1 0 0 2.0134228 0
"bench_hetero3.csv"	1	0.0096880914	1
1 1 1.4239754 10.811493 -4.922015 6.953457 3.6116698 1 2 7.164235e-10 2 0 0 0 0 1 0 0 2.0134228 0
"bench_hetero3.csv"	12	-0.44986672	1
1 1 1.4239754 10.811493 -4.922015 6.953457 3.6116698 1 2 7.164235e-10 2 0 0 0 0 1 0 0 2.0134228 0
"bench_hetero3.csv"	4	0.00010216791	1
1 1 1.4239754 10.811493 -4.922015 6.953457 3.6116698 1 2 7.164235e-10 2 0 0 0 0 1 0 0 2.0134228 0
"bench_hetero3.csv"	2	4.386289e-06	1
1 1 1.4239754 10.811493 -4.922015 6.953457 3.6116698 1 2 7.164235e-10 2 0 0 0 0 1 0 0 2.0134228 0
"bench_hetero3.csv"	21	0.0039812474	1
1 1 1.4239754 10.811493 -4.922015 6.953457 3.6116698 1 2 7.164235e-10 2 0 0 0 0 1 0 0 2.0134228 0
"bench_hetero3.csv"	3	0.00592796	1
1 1 1.4239754 10.811493 -4.922015 6.953457 3.6116698 1 2 7.164235e-10 2 0 0 0 0 1 0 0 2.0134228 0
"bench_hetero3.csv"	1	0.0047189764	1
1 1 1.4239754 10.811493 -4.922015 6.953457 3.6116698 1 2 7.164235e-10 2 0 0 0 0 1 0 0 2.0134228 0
"bench_hetero3.csv"	4	0.001331878	1
1 1 1.4239754 10.811493 -4.922015 6.953457 3.6116698 1 2 7.164235e-10 2 0 0 0 0 1 0 0 2.0134228 0
"bench_hetero3.csv"	2	8.7266855e-06	1
1 1 1.4239754 10.811493 -4.922015 6.953457 3.6116698 1 2 7.164235e-10 2 0 0 0 0 1 0 0 2.0134228 0
"bench_hetero3.csv"	3	0.002295058	1
1 1 1.4239754 10.811493 -4.922015 6.953457 3.6116698 1 2 7.164235e-10 2 0 0 0 0 1 0 0 2.0134228 0
"bench_hetero3.csv"	3	0.00023445128	1
1 1 1.4239754 10.811493 -4.922015 6.953457 3.6116698 1 2 7.164235e-10 2 0 0 0 0 1 0 0 2.0134228 0
"bench_hetero3.csv"	1	-0.44987717	1
1 1 1.4239754 10.811493 -4.922015 6.953457 3.6116698 1 2 7.164235e-10 2 0 0 0 0 1 0 0 2.0134228 0
"bench_hetero3.csv"	4	7.5671905e-06	1
1 1 1.4239754 10.811493 -4.922015 6.953457 3.6116698 1 2 7.164235e-10 2 0 0 0 0 1 0 0 2.0134228 0
"bench_hetero3.csv"	2	0.00021271097	1
1 1 1.4239754 10.811493 -4.922015 6.953457 3.6116698 1 2 7.164235e-10 2 0 0 0 0 1 0 0 2.0134228 0
"bench_hetero3.csv"	3	0.0022450917	1
1 1 1.4239754 10.811493 -4.922015 6.953457 3.6116698 1 2 7.164235e-10 2 0 0 0 0 1 0 0 2.0134228 0
"bench_hetero3.csv"	1	0.031166902	1
1 1 1.4239754 10.811493 -4.922015 6.953457 3.6116698 1 2 7.164235e-10 2 0 0 0 0 1 0 0 2.0134228 0
"bench_hetero3.csv"	4	0.00040803118	1
1 1 1.4239754 10.811493 -4.922015 6.953457 3.6116698 1 2 7.164235e-10 2 0 0 0 0 1 0 0 2.0134228 0
"bench_hetero3.csv"	2	0.00048652823	1
1 1 1.4239754 10.811493 -4.922015 6.953457 3.6116698 1 2 7.164235e-10 2 0 0 0 0 1 0 0 2.0134228 0
"bench_hetero3.csv"	3	6.5944424e-05	1
1 1 1.4239754 10.811493 -4.922015 6.953457 3.6116698 1 2 7.164235e-10 2 0 0 0 0 1 0 0 2.0134228 0
"bench_hetero3.csv"	1	0.010096261	1
1 1 1.4239754 10.811493 -4.922015 6.953457 3.6116698 1 2 7.164235e-10 2 0 0 0 0 1 0 0 2.0134228 0
"bench_hetero3.csv"	12	-0.44987717	1
1 1 1.4239754 10.811493 -4.922015 6.953457 3.6116698 1 2 7.164235e-10 2 0 0 0 0 1 0 0 2.0134228 0
"bench_hetero3.csv"	2	1.4228745e-06	1
1 1 1.4239754 10.811493 -4.922015 6.953457 3.6116698 1 2 7.164235e-10 2 0 0 0 0 1 0 0 2.0134228 0
"bench_hetero3.csv"	21	0.0072098408	1
1 1 1.4239754 10.811493 -4.922015 6.953457 3.6116698 1 2 7.164235e-10 2 0 0 0 0 1 0 0 2.0134228 0
"bench_hetero3.csv"	3	0.00029326731	1
1 1 1.4239754 10.811493 -4.922015 6.953457 3.6116698 1 2 7.164235e-10 2 0 0 0 0 1 0 0 2.0134228 0
"bench_hetero3.csv"	3	0.0001713741	1
1 1 1.4239754 10.811493 -4.922015 6.953457 3.6116698 1 2 7.164235e-10 2 0 0 0 0 1 0 0 2.0134228 0
"bench_hetero3.csv"	1	-0.44986664	1
1 1 1.4239754 10.811493 -4.922015 6.953457 3.6116698 1 2 7.164235e-10 2 0 0 0 0 1 0 0 2.0134228 0
"bench_hetero3.csv"	4	8.7263469e-06	1
1 1 1.4239754 10.811493 -4.922015 6.953457 3.6116698 1 2 7.164235e-10 2 0 0 0 0 1 0 0 2.0134228 0
"bench_hetero3.csv"	2	0.00040711855	1
1 1 1.4239754 10.811493 -4.922015 6.953457 3.6116698 1 2 7.164235e-10 2 0 0 0 0 1 0 0 2.0134228 0
"bench_hetero3.csv"	3	0.0017550621	1
1 1 1.4239754 10.811493 -4.922015 6.953457 3.6116698 1 2 7.164235e-10 2 0 0 0 0 1 0 0 2.0134228 0
"bench_hetero3.csv"	1	0.033507255	1
1 1 1.4239754 10.811493 -4.922015 6.953457 3.6116698 1 2 7.164235e-10 2 0 0 0 0 1 0 0 2.0134228 0
"bench_hetero3.csv"	4	3.2665216e-05	1
1 1 1.4239754 10.811493 -4.922015 6.953457 3.6116698 1 2 7.164235e-10 2 0 0 0 0 1 0 0 2.0134228 0
"bench_hetero3.csv"	2	0.00077579321	1
1 1 1.4239754 10.811493 -4.922015 6.953457 3.6116698 1 2 7.164235e-10 2 0 0 0 0 1 0 0 2.0134228 0
"bench_hetero3.csv"	3	0.00029057085	1
1 1 1.4239754 10.811493 -4.922015 6.953457 3.6116698 1 2 7.164235e-10 2 0 0 0 0 1 0 0 2.0134228 0
"bench_hetero3.csv"	1	-0.44986664	1
1 1 1.4239754 10.811493 -4.922015 6.953457 3.6116698 1 2 7.164235e-10 2 0 0 0 0 1 0 0 2.0134228 0
"bench_hetero3.csv"	4	8.7268801e-06	1
1 1 1.4239754 10.811493 -4.922015 6.953457 3.6116698 1 2 7.164235e-10 2 0 0 0 0 1 0 0 2.0134228 0
"bench_hetero3.csv"	2	6.3411143e-05	1
1 1 1.4239754 10.811493 -4.922015 6.953457 3.6116698 1 2 7.164235e-10 2 0 0 0 0 1 0 0 2.0134228 0
"bench_hetero3.csv"	3	0.0032937979	1
1 1 1.4239754 10.811493 -4.922015 6.953457 3.6116698 1 2 7.164235e-10 2 0 0 0 0 1 0 0 2.0134228 0
"bench_hetero3.csv"	1	-0.44986664	1
1 1 1.4239754 10.811493 -4.922015 6.953457 3.6116698 1 2 7.164235e-10 2 0 0 0 0 1 0 0 2.0134228 0
"bench_hetero3.csv"	4	0.0014722799	1
1 1 1.4239754 10.811493 -4.922015 6.953457 3.6116698 1 2 7.164235e-10 2 0 0 0 0 1 0 0 2.0134228 0
"bench_hetero3.csv"	3	0.00015934751	1
1 1 1.4239754 10.811493 -4.922015 6.953457 3.6116698 1 2 7.164235e-10 2 0 0 0 0 1 0 0 2.0134228 0
"bench_hetero3.csv"	1	-0.44987778	1
1 1 1.4239754 10.811493 -4.922015 6.953457 3.6116698 1 2 7.164235e-10 2 0 0 0 0 1 0 0 2.0134228 0
"bench_hetero3.csv"	2	0.00014389215	1
1 1 1.4239754 10.811493 -4.922015 6.953457 3.6116698 1 2 7.164235e-10 2 0 0 0 0 1 0 0 2.0134228 0
"bench_hetero3.csv"	3	0.0012622249	1
1 1 1.4239754 10.811493 -4.922015 6.953457 3.6116698 1 2 7.164235e-10 2 0 0 0 0 1 0 0 2.0134228 0
"bench_hetero3.csv"	1	0.028024427	1
1 1 1.4239754 10.811493 -4.922015 6.953457 3.6116698 1 2 7.164235e-10 2 0 0 0 0 1 0 0 2.0134228 0
"bench_hetero3.csv"	4	0.0013750819	1
1 1 1.4239754 10.811493 -4.922015 6.953457 3.6116698 1 2 7.164235e-10 2 0 0 0 0 1 0 0 2.0134228 0
"bench_hetero3.csv"	2	0.001949534	1
1 1 1.4239754 10.811493 -4.922015 6.953457 3.6116698 1 2 7.164235e-10 2 0 0 0 0 1 0 0 2.0134228 0
"bench_hetero3.csv"	1	0.010551958	1
1 1 1.4239754 10.811493 -4.922015 6.953457 3.6116698 1 2 7.164235e-10 2 0 0 0 0 1 0 0 2.0134228 0
"bench_hetero3.csv"	12	-0.44987384	1
1 1 1.4239754 10.811493 -4.922015 6.953457 3.6116698 1 2 7.164235e-10 2 0 0 0 0 1 0 0 2.0134228 0
"bench_hetero3.csv"	4	1.0615163e-05	1
1 1 1.4239754 10.811493 -4.922015 6.953457 3.6116698 1 2 7.164235e-10 2 0 0 0 0 1 0 0 2.0134228 0
"bench_hetero3.csv"	2	2.3846158e-05	1
1 1 1.4239754 10.811493 -4.922015 6.953457 3.6116698 1 2 7.164235e-10 2 0 0 0 0 1 0 0 2.0134228 0
"bench_hetero3.csv"	21	0.0018799868	1
1 1 1.4239754 10.811493 -4.922015 6.953457 3.6116698 1 2 7.164235e-10 2 0 0 0 0 1 0 0 2.0134228 0
"bench_hetero3.csv"	3	0.00085343031	1
1 1 1.4239754 10.811493 -4.922015 6.953457 3.6116698 1 2 7.164235e-10 2 0 0 0 0 1 0 0 2.0134228 0
"bench_hetero3.csv"	3	9.5079823e-05	1
1 1 1.4239754 10.811493 -4.922015 6.953457 3.6116698 1 2 7.164235e-10 2 0 0 0 0 1 0 0 2.0134228 0
"bench_hetero3.csv"	1	-0.44986655	1
1 1 1.4239754 10.811493 -4.922015 6.953457 3.6116698 1 2 7.164235e-10 2 0 0 0 0 1 0 0 2.0134228 0
"bench_hetero3.csv"	4	2.1882049e-05	1
1 1 1.4239754 10.811493 -4.922015 6.953457 3.6116698 1 2 7.164235e-10 2 0 0 0 0 1 0 0 2.0134228 0
"bench_hetero3.csv"	2	0.00081136996	1
1 1 1.4239754 10.811493 -4.922015 6.953457 3.6116698 1 2 7.164235e-10 2 0 0 0 0 1 0 0 2.0134228 0
"bench_hetero3.csv"	3	0.00081632569	1
1 1 1.4239754 10.811493 -4.922015 6.953457 3.6116698 1 2 7.164235e-10 2 0 0 0 0 1 0 0 2.0134228 0
"bench_hetero3.csv"	1	0.033361177	1
1 1 1.4239754 10.811493 -4.922015 6.953457 3.6116698 1 2 7.164235e-10 2 0 0 0 0 1 0 0 2.0134228 0
"bench_hetero3.csv"	4	2.6029732e-05	1
1 1 1.4239754 10.811493 -4.922015 6.953457 3.6116698 1 2 7.164235e-10 2 0 0 0 0 1 0 0 2.0134228 0
"bench_hetero3.csv"	2	0.0020739946	1
1 1 1.4239754 10.811493 -4.922015 6.953457 3.6116698 1 2 7.164235e-10 2 0 0 0 0 1 0 0 2.0134228 0
"bench_hetero3.csv"	3	1.7856255e-05	1
1 1 1.4239754 10.811493 -4.922015 6.953457 3.6116698 1 2 7.164235e-10 2 0 0 0 0 1 0 0 2.0134228 0
"bench_hetero3.csv"	1	0.010022903	1
1 1 1.4239754 10.811493 -4.922015 6.953457 3.6116698 1 2 7.164235e-10 2 0 0 0 0 1 0 0 2.0134228 0
"bench_hetero3.csv"	12	-0.44986655	1
1 1 1.4239754 10.811493 -4.922015 6.953457 3.6116698 1 2 7.164235e-10 2 0 0 0 0 1 0 0 2.0134228 0
"bench_hetero3.csv"	4	0.00016050174	1
1 1 1.4239754 10.811493 -4.922015 6.953457 3.6116698 1 2 7.164235e-10 2 0 0 0 0 1 0 0 2.0134228 0
"bench_hetero3.csv"	2	3.0034673e-05	1
1 1 1.4239754 10.811493 -4.922015 6.953457 3.6116698 1 2 7.164235e-10 2 0 0 0 0 1 0 0 2.0134228 0
"bench_hetero3.csv"	21	0.0013296237	1
1 1 1.4239754 10.811493 -4.922015 6.953457 3.6116698 1 2 7.164235e-10 2 0 0 0 0 1 0 0 2.0134228 0
"bench_hetero3.csv"	3	0.00091477627	1
1 1 1.4239754 10.811493 -4.922015 6.953457 3.6116698 1 2 7.164235e-10 2 0 0 0 0 1 0 0 2.0134228 0
"bench_hetero3.csv"	3	0.00076988956	1
1 1 1.4239754 10.811493 -4.922015 6.953457 3.6116698 1 2 7.164235e-10 2 0 0 0 0 1 0 0 2.0134228 0
"bench_hetero3.csv"	1	0.024272429	1
1 1 1.4239754 10.811493 -4.922015 6.953457 3.6116698 1 2 7.164235e-10 2 0 0 0 0 1 0 0 2.0134228 0
"bench_hetero3.csv"	2	0.00042492475	1
1 1 1.4239754 10.811493 -4.922015 6.953457 3.6116698 1 2 7.164235e-10 2 0 0 0 0 1 0 0 2.0134228 0
"bench_hetero3.csv"	3	2.1956308e-06	1
1 1 1.4239754 10.811493 -4.922015 6.953457 3.6116698 1 2 7.164235e-10 2 0 0 0 0 1 0 0 2.0134228 0
"bench_hetero3.csv"	1	0.013993318	1
1 1 1.4239754 10.811493 -4.922015 6.953457 3.6116698 1 2 7.164235e-10 2 0 0 0 0 1 0 0 2.0134228 0
"bench_hetero3.csv"	12	-0.44987632	1
1 1 1.4239754 10.811493 -4.922015 6.953457 3.6116698 1 2 7.164235e-10 2 0 0 0 0 1 0 0 2.0134228 0
"bench_hetero3.csv"	3	0.0045224745	1
1 1 1.4239754 10.811493 -4.922015 6.953457 3.6116698 1 2 7.164235e-10 2 0 0 0 0 1 0 0 2.0134228 0
"bench_hetero3.csv"	1	0.0011669471	1
1 1 1.4239754 10.811493 -4.922015 6.953457 3.6116698 1 2 7.164235e-10 2 0 0 0 0 1 0 0 2.0134228 0
"bench_hetero3.csv"	4	1.0893585e-05	1
1 1 1.4239754 10.811493 -4.922015 6.953457 3.6116698 1 2 7.164235e-10 2 0 0 0 0 1 0 0 2.0134228 0
"bench_hetero3.csv"	2	1.6030279e-05	1
1 1 1.4239754 10.811493 -4.922015 6.953457 3.6116698 1 2 7.164235e-10 2 0 0 0 0 1 0 0 2.0134228 0
"bench_hetero3.csv"	3	0.0014009101	1
1 1 1.4239754 10.811493 -4.922015 6.953457 3.6116698 1 2 7.164235e-10 2 0 0 0 0 1 0 0 2.0134228 0
"bench_hetero3.csv"	3	0.00054453117	1
1 1 1.4239754 10.811493 -4.922015 6.953457 3.6116698 1 2 7.164235e-10 2 0 0 0 0 1 0 0 2.0134228 0
"bench_hetero3.csv"	1	0.10504957	1
1 1 1.4239754 10.811493 -4.922015 6.953457 3.6116698 1 2 7.164235e-10 2 0 0 0 0 1 0 0 2.0134228 0
"bench_hetero3.csv"	4	2.0135282e-05	1
1 1 1.4239754 10.811493 -4.922015 6.953457 3.6116698 1 2 7.164235e-10 2 0 0 0 0 1 0 0 2.0134228 0
"bench_hetero3.csv"	2	0.00021247241	1
1 1 1.4239754 10.811493 -4.922015 6.953457 3.6116698 1 2 7.164235e-10 2 0 0 0 0 1 0 0 2.0134228 0
"bench_hetero3.csv"	3	0.0012625543	1
1 1 1.4239754 10.811493 -4.922015 6.953457 3.6116698 1 2 7.164235e-10 2 0 0 0 0 1 0 0 2.0134228 0
"bench_hetero3.csv"	1	-0.44987128	1
1 1 1.4239754 10.811493 -4.922015 6.953457 3.6116698 1 2 7.164235e-10 2 0 0 0 0 1 0 0 2.0134228 0
"bench_hetero3.csv"	4	0.00011018006	1
1 1 1.4239754 10.811493 -4.922015 6.953457 3.6116698 1 2 7.164235e-10 2 0 0 0 0 1 0 0 2.0134228 0
"bench_hetero3.csv"	2	0.00640536	1
1 1 1.4239754 10.811493 -4.922015 6.953457 3.6116698 1 2 7.164235e-10 2 0 0 0 0 1 0 0 2.0134228 0
"bench_hetero3.csv"	3	6.8550998e-10	1
1 1 1.4239754 10.811493 -4.922015 6.953457 3.6116698 1 2 7.164235e-10 2 0 0 0 0 1 0 0 2.0134228 0
"bench_hetero3.csv"	12	-0.44987128	1
1 1 1.4239754 10.811493 -4.922015 6.953457 3.6116698 1 2 7.164235e-10 2 0 0 0 0 1 0 0 2.0134228 0
"bench_hetero3.csv"	4	5.0982443e-05	1
1 1 1.4239754 10.811493 -4.922015 6.953457 3.6116698 1 2 7.164235e-10 2 0 0 0 0 1 0 0 2.0134228 0
"bench_hetero3.csv"	2	9.0203488e-06	1
1 1 1.4239754 10.811493 -4.922015 6.953457 3.6116698 1 2 7.164235e-10 2 0 0 0 0 1 0 0 2.0134228 0
"bench_hetero3.csv"	3	0.001189498	1
1 1 1.4239754 10.811493 -4.922015 6.953457 3.6116698 1 2 7.164235e-10 2 0 0 0 0 1 0 0 2.0134228 0
"bench_hetero3.csv"	1	0.057454606	1
1 1 1.4239754 10.811493 -4.922015 6.953457 3.6116698 1 2 7.164235e-10 2 0 0 0 0 1 0 0 2.0134228 0
"bench_hetero3.csv"	3	0.00018835961	1
1 1 1.4239754 10.811493 -4.922015 6.953457 3.6116698 1 2 7.164235e-10 2 0 0 0 0 1 0 0 2.0134228 0
"bench_hetero3.csv"	1	0.0045506404	1
1 1 1.4239754 10.811493 -4.922015 6.953457 3.6116698 1 2 7.164235e-10 2 0 0 0 0 1 0 0 2.0134228 0
"bench_hetero3.csv"	4	1.2588613e-06	1
1 1 1.4239754 10.811493 -4.922015 6.953457 3.6116698 1 2 7.164235e-10 2 0 0 0 0 1 0 0 2.0134228 0
"bench_hetero3.csv"	2	0.00025624732	1
1 1 1.4239754 10.811493 -4.922015 6.953457 3.6116698 1 2 7.164235e-10 2 0 0 0 0 1 0 0 2.0134228 0
"bench_hetero3.csv"	3	0.00010772534	1
1 1 1.4239754 10.811493 -4.922015 6.953457 3.6116698 1 2 7.164235e-10 2 0 0 0 0 1 0 0 2.0134228 0
"bench_hetero3.csv"	1	0.00017524281	1
1 1 1.4239754 10.811493 -4.922015 6.953457 3.6116698 1 2 7.164235e-10 2 0 0 0 0 1 0 0 2.0134228 0
"bench_hetero3.csv"	4	0.00029978512	1
1 1 1.4239754 10.811493 -4.922015 6.953457 3.6116698 1 2 7.164235e-10 2 0 0 0 0 1 0 0 2.0134228 0
"bench_hetero3.csv"	2	2.9428992e-05	1
1 1 1.4239754 10.811493 -4.922015 6.953457 3.6116698 1 2 7.164235e-10 2 0 0 0 0 1 0 0 2.0134228 0
"bench_hetero3.csv"	3	0.00012079599	1
1 1 1.4239754 10.811493 -4.922015 6.953457 3.6116698 1 2 7.164235e-10 2 0 0 0 0 1 0 0 2.0134228 0
"bench_hetero3.csv"	1	0.0026033282	1
1 1 1.4239754 10.811493 -4.922015 6.953457 3.6116698 1 2 7.164235e-10 2 0 0 0 0 1 0 0 2.0134228 0
"bench_hetero3.csv"	4	3.9037715e-05	1
1 1 1.4239754 10.811493 -4.922015 6.953457 3.6116698 1 2 7.164235e-10 2 0 0 0 0 1 0 0 2.0134228 0
"bench_hetero3.csv"	2	0.00025194774	1
1 1 1.4239754 10.811493 -4.922015 6.953457 3.6116698 1 2 7.164235e-10 2 0 0 0 0 1 0 0 2.0134228 0
"bench_hetero3.csv"	3	1.8867652e-05	1
1 1 1.4239754 10.811493 -4.922015 6.953457 3.6116698 1 2 7.164235e-10 2 0 0 0 0 1 0 0 2.0134228 0
"bench_hetero3.csv"	1	0.00017745459	1
1 1 1.4239754 10.811493 -4.922015 6.953457 3.6116698 1 2 7.164235e-10 2 0 0 0 0 1 0 0 2.0134228 0
"bench_hetero3.csv"	4	0.00010753296	1
1 1 1.4239754 10.811493 -4.922015 6.953457 3.6116698 1 2 7.164235e-10 2 0 0 0 0 1 0 0 2.0134228 0
"bench_hetero3.csv"	2	0.00027502472	1
1 1 1.4239754 10.811493 -4.922015 6.953457 3.6116698 1 2 7.164235e-10 2 0 0 0 0 1 0 0 2.0134228 0
"bench_hetero3.csv"	3	1.9466269e-05	1
1 1 1.4239754 10.811493 -4.922015 6.953457 3.6116698 1 2 7.164235e-10 2 0 0 0 0 1 0 0 2.0134228 0
"bench_hetero3.csv"	1	0.0026504143	1
1 1 1.4239754 10.811493 -4.922015 6.953457 3.6116698 1 2 7.164235e-10 2 0 0 0 0 1 0 0 2.0134228 0
"bench_hetero3.csv"	4	1.5854348e-05	1
1 1 1.4239754 10.811493 -4.922015 6.953457 3.6116698 1 2 7.164235e-10 2 0 0 0 0 1 0 0 2.0134228 0
"bench_hetero3.csv"	3	9.8898402e-05	1
1 1 1.4239754 10.811493 -4.922015 6.953457 3.6116698 1 2 7.164235e-10 2 0 0 0 0 1 0 0 2.0134228 0
"bench_hetero3.csv"	1	8.7618291e-05	1
1 1 1.4239754 10.811493 -4.922015 6.953457 3.6116698 1 2 7.164235e-10 2 0 0 0 0 1 0 0 2.0134228 0
"bench_hetero3.csv"	4	0.00025823225	1
1 1 1.4239754 10.811493 -4.922015 6.953457 3.6116698 1 2 7.164235e-10 2 0 0 0 0 1 0 0 2.0134228 0
"bench_hetero3.csv"	2	0.00020938783	1
1 1 1.4239754 10.811493 -4.922015 6.953457 3.6116698 1 2 7.164235e-10 2 0 0 0 0 1 0 0 2.0134228 0
"bench_hetero3.csv"	3	0.00015396682	1
1 1 1.4239754 10.811493 -4.922015 6.953457 3.6116698 1 2 7.164235e-10 2 0 0 0 0 1 0 0 2.0134228 0
"bench_hetero3.csv"	1	0.00015439806	1
1 1 1.4239754 10.811493 -4.922015 6.953457 3.6116698 1 2 7.164235e-10 2 0 0 0 0 1 0 0 2.0134228 0
"bench_hetero3.csv"	4	2.8557646e-05	1
1 1 1.4239754 10.811493 -4.922015 6.953457 3.6116698 1 2 7.164235e-10 2 0 0 0 0 1 0 0 2.0134228 0
"bench_hetero3.csv"	3	2.940099e-05	1
1 1 1.4239754 10.811493 -4.922015 6.953457 3.6116698 1 2 7.164235e-10 2 0 0 0 0 1 0 0 2.0134228 0
"bench_hetero3.csv"	4	0.00015843776	1
1 1 1.4239754 10.811493 -4.922015 6.953457 3.6116698 1 2 7.164235e-10 2 0 0 0 0 1 0 0 2.0134228 0
"bench_hetero3.csv"	2	0.00013314717	1
1 1 1.4239754 10.811493 -4.922015 6.953457 3.6116698 1 2 7.164235e-10 2 0 0 0 0 1 0 0 2.0134228 0
"bench_hetero3.csv"	3	0.00018267162	1
1 1 1.4239754 10.811493 -4.922015 6.953457 3.6116698 1 2 7.164235e-10 2 0 0 0 0 1 0 0 2.0134228 0
"bench_hetero3.csv"	1	-0.44984501	1
1 1 1.4239754 10.811493 -4.922015 6.953457 3.6116698 1 2 7.164235e-10 2 0 0 0 0 1 0 0 2.0134228 0
"bench_hetero3.csv"	4	0.00072878612	1
1 1 1.4239754 10.811493 -4.922015 6.953457 3.6116698 1 2 7.164235e-10 2 0 0 0 0 1 0 0 2.0134228 0
"bench_hetero3.csv"	2	0.024941119	1
1 1 1.4239754 10.811493 -4.922015 6.953457 3.6116698 1 2 7.164235e-10 2 0 0 0 0 1 0 0 2.0134228 0
"bench_hetero3.csv"	12	-0.44984491	1
1 1 1.4239754 10.811493 -4.922015 6.953457 3.6116698 1 2 7.164235e-10 2 0 0 0 0 1 0 0 2.0134228 0
"bench_hetero3.csv"	4	5.4403836e-05	1
1 1 1.4239754 10.811493 -4.922015 6.953457 3.6116698 1 2 7.164235e-10 2 0 0 0 0 1 0 0 2.0134228 0
"bench_hetero3.csv"	2	0.0011231547	1
1 1 1.4239754 10.811493 -4.922015 6.953457 3.6116698 1 2 7.164235e-10 2 0 0 0 0 1 0 0 2.0134228 0
"bench_hetero3.csv"	3	6.7253046e-05	1
1 1 1.4239754 10.811493 -4.922015 6.953457 3.6116698 1 2 7.164235e-10 2 0 0 0 0 1 0 0 2.0134228 0
"bench_hetero3.csv"	1	-0.44983617	1
1 1 1.4239754 10.811493 -4.922015 6.953457 3.6116698 1 2 7.164235e-10 2 0 0 0 0 1 0 0 2.0134228 0
"bench_hetero3.csv"	4	0.00035190957	1
1 1 1.4239754 10.811493 -4.922015 6.953457 3.6116698 1 2 7.164235e-10 2 0 0 0 0 1 0 0 2.0134228 0
"bench_hetero3.csv"	2	0.0014433625	1
1 1 1.4239754 10.811493 -4.922015 6.953457 3.6116698 1 2 7.164235e-10 2 0 0 0 0 1 0 0 2.0134228 0
"bench_hetero3.csv"	1	-0.44983619	1
1 1 1.4239754 10.811493 -4.922015 6.953457 3.6116698 1 2 7.164235e-10 2 0 0 0 0 1 0 0 2.0134228 0
"bench_hetero3.csv"	3	1.7601791e-05	1
1 1 1.4239754 10.811493 -4.922015 6.953457 3.6116698 1 2 7.164235e-10 2 0 0 0 0 1 0 0 2.0134228 0
"bench_hetero3.csv"	1	-0.44983712	1
1 1 1.4239754 10.811493 -4.922015 6.953457 3.6116698 1 2 7.164235e-10 2 0 0 0 0 1 0 0 2.0134228 0
"bench_hetero3.csv"	4	0.00011525803	1
1 1 1.4239754 10.811493 -4.922015 6.953457 3.6116698 1 2 7.164235e-10 2 0 0 0 0 1 0 0 2.0134228 0
"bench_hetero3.csv"	2	0.0011034704	1
1 1 1.4239754 10.811493 -4.922015 6.953457 3.6116698 1 2 7.164235e-10 2 0 0 0 0 1 0 0 2.0134228 0
"bench_hetero3.csv"	3	2.9515144e-05	1
1 1 1.4239754 10.811493 -4.922015 6.953457 3.6116698 1 2 7.164235e-10 2 0 0 0 0 1 0 0 2.0134228 0
"bench_hetero3.csv"	1	0.074605388	1
1 1 1.4239754 10.811493 -4.922015 6.953457 3.6116698 1 2 7.164235e-10 2 0 0 0 0 1 0 0 2.0134228 0
"bench_hetero3.csv"	4	2.2119241e-05	1
1 1 1.4239754 10.811493 -4.922015 6.953457 3.6116698 1 2 7.164235e-10 2 0 0 0 0 1 0 0 2.0134228 0
"bench_hetero3.csv"	2	0.00029664511	1
1 1 1.4239754 10.811493 -4.922015 6.953457 3.6116698 1 2 7.164235e-10 2 0 0 0 0 1 0 0 2.0134228 0
"bench_hetero3.csv"	3	4.0042827e-05	1
1 1 1.4239754 10.811493 -4.922015 6.953457 3.6116698 1 2 7.164235e-10 2 0 0 0 0 1 0 0 2.0134228 0
"bench_hetero3.csv"	1	-0.44983712	1
1 1 1.4239754 10.811493 -4.922015 6.953457 3.6116698 1 2 7.164235e-10 2 0 0 0 0 1 0 0 2.0134228 0
"bench_hetero3.csv"	4	3.2269283e-05	1
1 1 1.4239754 10.811493 -4.922015 6.953457 3.6116698 1 2 7.164235e-10 2 0 0 0 0 1 0 0 2.0134228 0
"bench_hetero3.csv"	2	0.00061787241	1
1 1 1.4239754 10.811493 -4.922015 6.953457 3.6116698 1 2 7.164235e-10 2 0 0 0 0 1 0 0 2.0134228 0
"bench_hetero3.csv"	3	1.760494e-05	1
1 1 1.4239754 10.811493 -4.922015 6.953457 3.6116698 1 2 7.164235e-10 2 0 0 0 0 1 0 0 2.0134228 0
"bench_hetero3.csv"	12	-0.44983712	1
1 1 1.4239754 10.811493 -4.922015 6.953457 3.6116698 1 2 7.164235e-10 2 0 0 0 0 1 0 0 2.0134228 0
"bench_hetero3.csv"	4	2.020091e-05	1
1 1 1.4239754 10.811493 -4.922015 6.953457 3.6116698 1 2 7.164235e-10 2 0 0 0 0 1 0 0 2.0134228 0
"bench_hetero3.csv"	3	0.00026036368	1
1 1 1.4239754 10.811493 -4.922015 6.953457 3.6116698 1 2 7.164235e-10 2 0 0 0 0 1 0 0 2.0134228 0
"bench_hetero3.csv"	4	1.4513397e-05	1
1 1 1.4239754 10.811493 -4.922015 6.953457 3.6116698 1 2 7.164235e-10 2 0 0 0 0 1 0 0 2.0134228 0
"bench_hetero3.csv"	2	1.3767252e-05	1
1 1 1.4239754 10.811493 -4.922015 6.953457 3.6116698 1 2 7.164235e-10 2 0 0 0 0 1 0 0 2.0134228 0
"bench_hetero3.csv"	3	2.2225572e-05	1
1 1 1.4239754 10.811493 -4.922015 6.953457 3.6116698 1 2 7.164235e-10 2 0 0 0 0 1 0 0 2.0134228 0
"bench_hetero3.csv"	12	-0.44985189	1
1 1 1.4239754 10.811493 -4.922015 6.953457 3.6116698 1 2 7.164235e-10 2 0 0 0 0 1 0 0 2.0134228 0
"bench_hetero3.csv"	4	1.3973057e-05	1
1 1 1.4239754 10.811493 -4.922015 6.953457 3.6116698 1 2 7.164235e-10 2 0 0 0 0 1 0 0 2.0134228 0
"bench_hetero3.csv"	2	1.4356064e-05	1
1 1 1.4239754 10.811493 -4.922015 6.953457 3.6116698 1 2 7.164235e-10 2 0 0 0 0 1 0 0 2.0134228 0
"bench_hetero3.csv"	21	3.1571047e-05	1
1 1 1.4239754 10.811493 -4.922015 6.953457 3.6116698 1 2 7.164235e-10 2 0 0 0 0 1 0 0 2.0134228 0
"bench_hetero3.csv"	3	1.4434478e-07	1
1 1 1.4239754 10.811493 -4.922015 6.953457 3.6116698 1 2 7.164235e-10 2 0 0 0 0 1 0 0 2.0134228 0
"bench_hetero3.csv"	1	1.3675931e-07	1
1 1 1.4239754 10.811493 -4.922015 6.953457 3.6116698 1 2 7.164235e-10 2 0 0 0 0 1 0 0 2.0134228 0
"bench_hetero3.csv"	4	1.4523271e-07	1
1 1 1.4239754 10.811493 -4.922015 6.953457 3.6116698 1 2 7.164235e-10 2 0 0 0 0 1 0 0 2.0134228 0
"bench_hetero3.csv"	2	1.1163071e-07	1
1 1 1.4239754 10.811493 -4.922015 6.953457 3.6116698 1 2 7.164235e-10 2 0 0 0 0 1 0 0 2.0134228 0
"bench_hetero3.csv"	3	1.5454344e-05	1
1 1 1.4239754 10.811493 -4.922015 6.953457 3.6116698 1 2 7.164235e-10 2 0 0 0 0 1 0 0 2.0134228 0
"bench_hetero3.csv"	1	2.1352185e-05	1
1 1 1.4239754 10.811493 -4.922015 6.953457 3.6116698 1 2 7.164235e-10 2 0 0 0 0 1 0 0 2.0134228 0
"bench_hetero3.csv"	4	7.46663e-06	1
1 1 1.4239754 10.811493 -4.922015 6.953457 3.6116698 1 2 7.164235e-10 2 0 0 0 0 1 0 0 2.0134228 0
"bench_hetero3.csv"	2	0.00011828834	1
1 1 1.4239754 10.811493 -4.922015 6.953457 3.6116698 1 2 7.164235e-10 2 0 0 0 0 1 0 0 2.0134228 0
"bench_hetero3.csv"	3	7.5241556e-06	1
1 1 1.4239754 10.811493 -4.922015 6.953457 3.6116698 1 2 7.164235e-10 2 0 0 0 0 1 0 0 2.0134228 0
"bench_hetero3.csv"	1	-0.44986325	1
1 1 1.4239754 10.811493 -4.922015 6.953457 3.6116698 1 2 7.164235e-10 2 0 0 0 0 1 0 0 2.0134228 0
"bench_hetero3.csv"	4	2.1474534e-05	1
1 1 1.4239754 10.811493 -4.922015 6.953457 3.6116698 1 2 7.164235e-10 2 0 0 0 0 1 0 0 2.0134228 0
"bench_hetero3.csv"	2	0.00045328618	1
1 1 1.4239754 10.811493 -4.922015 6.953457 3.6116698 1 2 7.164235e-10 2 0 0 0 0 1 0 0 2.0134228 0
"bench_hetero3.csv"	3	1.0097581e-05	1
1 1 1.4239754 10.811493 -4.922015 6.953457 3.6116698 1 2 7.164235e-10 2 0 0 0 0 1 0 0 2.0134228 0
"bench_hetero3.csv"	1	-0.44986325	1
1 1 1.4239754 10.811493 -4.922015 6.953457 3.6116698 1 2 7.164235e-10 2 0 0 0 0 1 0 0 2.0134228 0
"bench_hetero3.csv"	4	1.0282424e-05	1
1 1 1.4239754 10.811493 -4.922015 6.953457 3.6116698 1 2 7.164235e-10 2 0 0 0 0 1 0 0 2.0134228 0
"bench_hetero3.csv"	2	0.011695616	1
1 1 1.4239754 10.811493 -4.922015 6.953457 3.6116698 1 2 7.164235e-10 2 0 0 0 0 1 0 0 2.0134228 0
"bench_hetero3.csv"	3	5.0369789e-06	1
1 1 1.4239754 10.811493 -4.922015 6.953457 3.6116698 1 2 7.164235e-10 2 0 0 0 0 1 0 0 2.0134228 0
"bench_hetero3.csv"	1	-0.44986325	1
1 1 1.4239754 10.811493 -4.922015 6.953457 3.6116698 1 2 7.164235e-10 2 0 0 0 0 1 0 0 2.0134228 0
"bench_hetero3.csv"	4	3.8364027e-05	1
1 1 1.4239754 10.811493 -4.922015 6.953457 3.6116698 1 2 7.164235e-10 2 0 0 0 0 1 0 0 2.0134228 0
"bench_hetero3.csv"	2	0.00023659638	1
1 1 1.4239754 10.811493 -4.922015 6.953457 3.6116698 1 2 7.164235e-10 2 0 0 0 0 1 0 0 2.0134228 0
"bench_hetero3.csv"	3	9.1501727e-06	1
1 1 1.4239754 10.811493 -4.922015 6.953457 3.6116698 1 2 7.164235e-10 2 0 0 0 0 1 0 0 2.0134228 0
"bench_hetero3.csv"	1	-0.44986325	1
1 1 1.4239754 10.811493 -4.922015 6.953457 3.6116698 1 2 7.164235e-10 2 0 0 0 0 1 0 0 2.0134228 0
"bench_hetero3.csv"	4	8.0927284e-05	1
1 1 1.4239754 10.811493 -4.922015 6.953457 3.6116698 1 2 7.164235e-10 2 0 0 0 0 1 0 0 2.0134228 0
"bench_hetero3.csv"	1	0.0060771054	1
1 1 1.4239754 10.811493 -4.922015 6.953457 3.6116698 1 2 7.164235e-10 2 0 0 0 0 1 0 0 2.0134228 0
"bench_hetero3.csv"	2	0.00031023798	1
1 1 1.4239754 10.811493 -4.922015 6.953457 3.6116698 1 2 7.164235e-10 2 0 0 0 0 1 0 0 2.0134228 0
"bench_hetero3.csv"	1	0.21750312	1
1 1 1.4239754 10.811493 -4.922015 6.953457 3.6116698 1 2 7.164235e-10 2 0 0 0 0 1 0 0 2.0134228 0
"bench_hetero3.csv"	4	1.8966378e-05	1
1 1 1.4239754 10.811493 -4.922015 6.953457 3.6116698 1 2 7.164235e-10 2 0 0 0 0 1 0 0 2.0134228 0
"bench_hetero3.csv"	2	0.00024816515	1
1 1 1.4239754 10.811493 -4.922015 6.953457 3.6116698 1 2 7.164235e-10 2 0 0 0 0 1 0 0 2.0134228 0
"bench_hetero3.csv"	3	7.4869554e-06	1
1 1 1.4239754 10.811493 -4.922015 6.953457 3.6116698 1 2 7.164235e-10 2 0 0 0 0 1 0 0 2.0134228 0
"bench_hetero3.csv"	1	0.048136637	1
1 1 1.4239754 10.811493 -4.922015 6.953457 3.6116698 1 2 7.164235e-10 2 0 0 0 0 1 0 0 2.0134228 0
"bench_hetero3.csv"	4	1.400811e-06	1
1 1 1.4239754 10.811493 -4.922015 6.953457 3.6116698 1 2 7.164235e-10 2 0 0 0 0 1 0 0 2.0134228 0
"bench_hetero3.csv"	2	0.0017553198	1
1 1 1.4239754 10.811493 -4.922015 6.953457 3.6116698 1 2 7.164235e-10 2 0 0 0 0 1 0 0 2.0134228 0
"bench_hetero3.csv"	3	1.4341953e-06	1
1 1 1.4239754 10.811493 -4.922015 6.953457 3.6116698 1 2 7.164235e-10 2 0 0 0 0 1 0 0 2.0134228 0
"bench_hetero3.csv"	12	-0.44986644	1
1 1 1.4239754 10.811493 -4.922015 6.953457 3.6116698 1 2 7.164235e-10 2 0 0 0 0 1 0 0 2.0134228 0
"bench_hetero3.csv"	4	8.6819509e-05	1
1 1 1.4239754 10.811493 -4.922015 6.953457 3.6116698 1 2 7.164235e-10 2 0 0 0 0 1 0 0 2.0134228 0
"bench_hetero3.csv"	3	1.1701901e-05	1
1 1 1.4239754 10.811493 -4.922015 6.953457 3.6116698 1 2 7.164235e-10 2 0 0 0 0 1 0 0 2.0134228 0
"bench_hetero3.csv"	1	0.050048874	1
1 1 1.4239754 10.811493 -4.922015 6.953457 3.6116698 1 2 7.164235e-10 2 0 0 0 0 1 0 0 2.0134228 0
"bench_hetero3.csv"	4	4.3510906e-05	1
1 1 1.4239754 10.811493 -4.922015 6.953457 3.6116698 1 2 7.164235e-10 2 0 0 0 0 1 0 0 2.0134228 0
"bench_hetero3.csv"	2	0.0024876536	1
1 1 1.4239754 10.811493 -4.922015 6.953457 3.6116698 1 2 7.164235e-10 2 0 0 0 0 1 0 0 2.0134228 0
"bench_hetero3.csv"	3	0.00071886063	1
1 1 1.4239754 10.811493 -4.922015 6.953457 3.6116698 1 2 7.164235e-10 2 0 0 0 0 1 0 0 2.0134228 0
"bench_hetero3.csv"	1	0.0029326542	1
1 1 1.4239754 10.811493 -4.922015 6.953457 3.6116698 1 2 7.164235e-10 2 0 0 0 0 1 0 0 2.0134228 0
"bench_hetero3.csv"	4	6.1598239e-06	1
1 1 1.4239754 10.811493 -4.922015 6.953457 3.6116698 1 2 7.164235e-10 2 0 0 0 0 1 0 0 2.0134228 0
"bench_hetero3.csv"	2	5.4094467e-06	1
1 1 1.4239754 10.811493 -4.922015 6.953457 3.6116698 1 2 7.164235e-10 2 0 0 0 0 1 0 0 2.0134228 0
"bench_hetero3.csv"	3	5.5554622e-06	1
1 1 1.4239754 10.811493 -4.922015 6.953457 3.6116698 1 2 7.164235e-10 2 0 0 0 0 1 0 0 2.0134228 0
"bench_hetero3.csv"	1	-0.44986543	1
1 1 1.4239754 10.811493 -4.922015 6.953457 3.6116698 1 2 7.164235e-10 2 0 0 0 0 1 0 0 2.0134228 0
"bench_hetero3.csv"	4	9.7666363e-05	1
1 1 1.4239754 10.811493 -4.922015 6.953457 3.6116698 1 2 7.164235e-10 2 0 0 0 0 1 0 0 2.0134228 0
"bench_hetero3.csv"	2	0.015407618	1
1 1 1.4239754 10.811493 -4.922015 6.953457 3.6116698 1 2 7.164235e-10 2 0 0 0 0 1 0 0 2.0134228 0
"bench_hetero3.csv"	3	3.252339e-05	1
1 1 1.4239754 10.811493 -4.922015 6.953457 3.6116698 1 2 7.164235e-10 2 0 0 0 0 1 0 0 2.0134228 0
"bench_hetero3.csv"	12	-0.44986543	1
1 1 1.4239754 10.811493 -4.922015 6.953457 3.6116698 1 2 7.164235e-10 2 0 0 0 0 1 0 0 2.0134228 0
"bench_hetero3.csv"	4	0.00016890641	1
1 1 1.4239754 10.811493 -4.922015 6.953457 3.6116698 1 2 7.164235e-10 2 0 0 0 0 1 0 0 2.0134228 0
"bench_hetero3.csv"	3	3.7914383e-07	1
1 1 1.4239754 10.811493 -4.922015 6.953457 3.6116698 1 2 7.164235e-10 2 0 0 0 0 1 0 0 2.0134228 0
"bench_hetero3.csv"	1	0.055109434	1
1 1 1.4239754 10.811493 -4.922015 6.953457 3.6116698 1 2 7.164235e-10 2 0 0 0 0 1 0 0 2.0134228 0
"bench_hetero3.csv"	2	0.0021988157	1
1 1 1.4239754 10.811493 -4.922015 6.953457 3.6116698 1 2 7.164235e-10 2 0 0 0 0 1 0 0 2.0134228 0
"bench_hetero3.csv"	1	-0.449873	1
1 1 1.4239754 10.811493 -4.922015 6.953457 3.6116698 1 2 7.164235e-10 2 0 0 0 0 1 0 0 2.0134228 0
"bench_hetero3.csv"	2	0.0069943084	1
1 1 1.4239754 10.811493 -4.922015 6.953457 3.6116698 1 2 7.164235e-10 2 0 0 0 0 1 0 0 2.0134228 0
"bench_hetero3.csv"	3	1.1116651e-06	1
1 1 1.4239754 10.811493 -4.922015 6.953457 3.6116698 1 2 7.164235e-10 2 0 0 0 0 1 0 0 2.0134228 0
"bench_hetero3.csv"	1	-0.44986631	1
1 1 1.4239754 10.811493 -4.922015 6.953457 3.6116698 1 2 7.164235e-10 2 0 0 0 0 1 0 0 2.0134228 0
"bench_hetero3.csv"	4	8.8078478e-07	1
1 1 1.4239754 10.811493 -4.922015 6.953457 3.6116698 1 2 7.164235e-10 2 0 0 0 0 1 0 0 2.0134228 0
"bench_hetero3.csv"	2	0.05055652	1
1 1 1.4239754 10.811493 -4.922015 6.953457 3.6116698 1 2 7.164235e-10 2 0 0 0 0 1 0 0 2.0134228 0
"bench_hetero3.csv"	3	-0.44986631	1
1 1 1.4239754 10.811493 -4.922015 6.953457 3.6116698 1 2 7.164235e-10 2 0 0 0 0 1 0 0 2.0134228 0
"bench_hetero3.csv"	1	0.018843543	1
1 1 1.4239754 10.811493 -4.922015 6.953457 3.6116698 1 2 7.164235e-10 2 0 0 0 0 1 0 0 2.0134228 0
"bench_hetero3.csv"	4	9.5089148e-07	1
1 1 1.4239754 10.811493 -4.922015 6.953457 3.6116698 1 2 7.164235e-10 2 0 0 0 0 1 0 0 2.0134228 0
