"I.6.2b.csv"	3	0.00037515262	1
2 1 1.2518135 0.7102401 0.234715 4.244603 4.7580571 0.97379561 1.0848167 0.18277243 4 0 0 0 -0.019718295 0 1 1 11689.821 4 1.2518135 1.2518135 1.2518135 1.2518135
"I.6.2b.csv"	1	-0.022300148	1
2 1 1.2518135 0.7102401 0.234715 4.244603 4.7580571 0.97379561 1.0848167 0.18277243 4 0 0 0 -0.019718295 0 1 1 11689.821 4 1.2518135 1.2518135 1.2518135 1.2518135
"I.6.2b.csv"	12	-0.022300148	1
2 1 1.2518135 0.7102401 0.234715 4.244603 4.7580571 0.97379561 1.0848167 0.18277243 4 0 0 0 -0.019718295 0 1 1 11689.821 4 1.2518135 1.2518135 1.2518135 1.2518135
"I.7.9.csv"	4	1.645258e-05	1
2 1 1.4565406 0.2022812 0.700513 2.884695 4.8563621 0.99236704 0.60747941 0.079928551 4 0 0 0 0.071135106 0 1 1 57137 4 1.4565406 1.4565406 1.4565406 1.4565406
"I.7.9.csv"	3	3.5347577e-05	1
2 1 1.4565406 0.2022812 0.700513 2.884695 4.8563621 0.99236704 0.60747941 0.079928551 4 0 0 0 0.071135106 0 1 1 57137 4 1.4565406 1.4565406 1.4565406 1.4565406
"I.7.9.csv"	1	-0.0080936171	1
2 1 1.4565406 0.2022812 0.700513 2.884695 4.8563621 0.99236704 0.60747941 0.079928551 4 0 0 0 0.071135106 0 1 1 57137 4 1.4565406 1.4565406 1.4565406 1.4565406
"I.7.9.csv"	12	-0.0080936171	1
2 1 1.4565406 0.2022812 0.700513 2.884695 4.8563621 0.99236704 0.60747941 0.079928551 4 0 0 0 0.071135106 0 1 1 57137 4 1.4565406 1.4565406 1.4565406 1.4565406
"I.8.4.csv"	1	-3.2659893	1
2 1 11.491633 45.739567 0.646239 20 2.8616687 0.94084173 9.0464638 0.7748676 4 0 0 0 -0.028778267 1 1 1 398012.4 4 11.491633 11.491633 11.491633 11.491633
"I.8.4.csv"	12	-3.2659893	1
2 1 11.491633 45.739567 0.646239 20 2.8616687 0.94084173 9.0464638 0.7748676 4 0 0 0 -0.028778267 1 1 1 398012.4 4 11.491633 11.491633 11.491633 11.491633
"I.9.5.csv"	19	-0.20779321	1
3 1 1.7545681 4.9350901 0.084127 14.277464 6.38906 0.8934491 2.9532726 0.67591154 6 0 0 0 0.14687493 0 1 1 74507.66 4 1.7545681 1.7545681 1.7545681 1.7545681
"I.9.5.csv"	19	-0.20779321	1
3 1 1.7545681 4.9350901 0.084127 14.277464 6.38906 0.8934491 2.9532726 0.67591154 6 0 0 0 0.14687493 0 1 1 74507.66 4 1.7545681 1.7545681 1.7545681 1.7545681
"I.9.5.csv"	19	-0.20779321	1
3 1 1.7545681 4.9350901 0.084127 14.277464 6.38906 0.8934491 2.9532726 0.67591154 6 0 0 0 0.14687493 0 1 1 74507.66 4 1.7545681 1.7545681 1.7545681 1.7545681
"I.9.5.csv"	19	-0.20779321	1
3 1 1.7545681 4.9350901 0.084127 14.277464 6.38906 0.8934491 2.9532726 0.67591154 6 0 0 0 0.14687493 0 1 1 74507.66 4 1.7545681 1.7545681 1.7545681 1.7545681
"I.9.5.csv"	19	-0.20779321	1
3 1 1.7545681 4.9350901 0.084127 14.277464 6.38906 0.8934491 2.9532726 0.67591154 6 0 0 0 0.14687493 0 1 1 74507.66 4 1.7545681 1.7545681 1.7545681 1.7545681
"I.9.5.csv"	19	-0.20779321	1
3 1 1.7545681 4.9350901 0.084127 14.277464 6.38906 0.8934491 2.9532726 0.67591154 6 0 0 0 0.14687493 0 1 1 74507.66 4 1.7545681 1.7545681 1.7545681 1.7545681
"I.10.7.csv"	1	-0.28901243	1
2 1 3.7180673 3.0145071 1.005388 8.629078 4.3909356 0.98422084 5.2050399 5.9802095 4 1 1 1 0.018415754 0 1 1 133475.48 4 3.7180673 3.7180673 3.7180673 3.7180673
"I.10.7.csv"	12	-0.28901243	1
2 1 3.7180673 3.0145071 1.005388 8.629078 4.3909356 0.98422084 5.2050399 5.9802095 4 1 1 1 0.018415754 0 1 1 133475.48 4 3.7180673 3.7180673 3.7180673 3.7180673
"I.12.5.csv"	4	-0.3427176	1
3 1 -3.665481 10.028882 -20 -0.351071 6.2045833 0.96829135 1.9340059 0.59622156 6 0 0 0 0.14317302 0 1 0 281984.47 4 -3.665481 -3.665481 -3.665481 -3.665481
"I.12.5.csv"	1	-0.3427176	1
3 1 -3.665481 10.028882 -20 -0.351071 6.2045833 0.96829135 1.9340059 0.59622156 6 0 0 0 0.14317302 0 1 0 281984.47 4 -3.665481 -3.665481 -3.665481 -3.665481
"I.12.5.csv"	12	-0.3427176	1
3 1 -3.665481 10.028882 -20 -0.351071 6.2045833 0.96829135 1.9340059 0.59622156 6 0 0 0 0.14317302 0 1 0 281984.47 4 -3.665481 -3.665481 -3.665481 -3.665481
"I.12.5.csv"	4	0.00060547872	1
3 1 -3.665481 10.028882 -20 -0.351071 6.2045833 0.96829135 1.9340059 0.59622156 6 0 0 0 0.14317302 0 1 0 281984.47 4 -3.665481 -3.665481 -3.665481 -3.665481
"I.12.5.csv"	21	-0.003857074	1
3 1 -3.665481 10.028882 -20 -0.351071 6.2045833 0.96829135 1.9340059 0.59622156 6 0 0 0 0.14317302 0 1 0 281984.47 4 -3.665481 -3.665481 -3.665481 -3.665481
"I.12.5.csv"	3	0.00091892662	1
3 1 -3.665481 10.028882 -20 -0.351071 6.2045833 0.96829135 1.9340059 0.59622156 6 0 0 0 0.14317302 0 1 0 281984.47 4 -3.665481 -3.665481 -3.665481 -3.665481
"I.12.5.csv"	1	-0.003857074	1
3 1 -3.665481 10.028882 -20 -0.351071 6.2045833 0.96829135 1.9340059 0.59622156 6 0 0 0 0.14317302 0 1 0 281984.47 4 -3.665481 -3.665481 -3.665481 -3.665481
"I.12.5.csv"	12	-0.003857074	1
3 1 -3.665481 10.028882 -20 -0.351071 6.2045833 0.96829135 1.9340059 0.59622156 6 0 0 0 0.14317302 0 1 0 281984.47 4 -3.665481 -3.665481 -3.665481 -3.665481
"I.12.5.csv"	2	-0.003857074	1
3 1 -3.665481 10.028882 -20 -0.351071 6.2045833 0.96829135 1.9340059 0.59622156 6 0 0 0 0.14317302 0 1 0 281984.47 4 -3.665481 -3.665481 -3.665481 -3.665481
"I.12.5.csv"	17	-0.003857074	1
3 1 -3.665481 10.028882 -20 -0.351071 6.2045833 0.96829135 1.9340059 0.59622156 6 0 0 0 0.14317302 0 1 0 281984.47 4 -3.665481 -3.665481 -3.665481 -3.665481
"I.12.5.csv"	17	0.0013254459	1
3 1 -3.665481 10.028882 -20 -0.351071 6.2045833 0.96829135 1.9340059 0.59622156 6 0 0 0 0.14317302 0 1 0 281984.47 4 -3.665481 -3.665481 -3.665481 -3.665481
"I.12.5.csv"	19	-0.003857074	1
3 1 -3.665481 10.028882 -20 -0.351071 6.2045833 0.96829135 1.9340059 0.59622156 6 0 0 0 0.14317302 0 1 0 281984.47 4 -3.665481 -3.665481 -3.665481 -3.665481
"I.12.5.csv"	19	-0.003857074	1
3 1 -3.665481 10.028882 -20 -0.351071 6.2045833 0.96829135 1.9340059 0.59622156 6 0 0 0 0.14317302 0 1 0 281984.47 4 -3.665481 -3.665481 -3.665481 -3.665481
"I.13.12.csv"	4	-135.66776	1
2 1 16.601214 29.150715 0.837635 20 3.5491512 0.88261055 15.115042 1.4727855 5 0 0 0 0.14565833 1 1 1 244253.75 4 16.601214 16.601214 16.601214 16.601214
"I.13.12.csv"	17	-135.66776	1
2 1 16.601214 29.150715 0.837635 20 3.5491512 0.88261055 15.115042 1.4727855 5 0 0 0 0.14565833 1 1 1 244253.75 4 16.601214 16.601214 16.601214 16.601214
"I.13.12.csv"	17	-135.66776	1
2 1 16.601214 29.150715 0.837635 20 3.5491512 0.88261055 15.115042 1.4727855 5 0 0 0 0.14565833 1 1 1 244253.75 4 16.601214 16.601214 16.601214 16.601214
"I.13.12.csv"	3	-135.66776	1
2 1 16.601214 29.150715 0.837635 20 3.5491512 0.88261055 15.115042 1.4727855 5 0 0 0 0.14565833 1 1 1 244253.75 4 16.601214 16.601214 16.601214 16.601214
"I.13.12.csv"	1	-135.66776	1
2 1 16.601214 29.150715 0.837635 20 3.5491512 0.88261055 15.115042 1.4727855 5 0 0 0 0.14565833 1 1 1 244253.75 4 16.601214 16.601214 16.601214 16.601214
"I.13.12.csv"	12	-135.66776	1
2 1 16.601214 29.150715 0.837635 20 3.5491512 0.88261055 15.115042 1.4727855 5 0 0 0 0.14565833 1 1 1 244253.75 4 16.601214 16.601214 16.601214 16.601214
