"bench_d3_two_sines.csv"	1	0.014634656	1
1 1 -0.010861458 0.28706516 -0.9945 0.9975 3.7179118 0.06047626 0.066632323 0.020308985 2 0 0 0 0 1 0 0 6.837766 0
"bench_d3_two_sines.csv"	2	0.0013387867	1
1 1 -0.010861458 0.28706516 -0.9945 0.9975 3.7179118 0.06047626 0.066632323 0.020308985 2 0 0 0 0 1 0 0 6.837766 0
"bench_d3_two_sines.csv"	4	0.0076936266	1
1 1 -0.010861458 0.28706516 -0.9945 0.9975 3.7179118 0.06047626 0.066632323 0.020308985 2 0 0 0 0 1 0 0 6.837766 0
"bench_d3_two_sines.csv"	3	0.00092805543	1
1 1 -0.010861458 0.28706516 -0.9945 0.9975 3.7179118 0.06047626 0.066632323 0.020308985 2 0 0 0 0 1 0 0 6.837766 0
"bench_d3_two_sines.csv"	23	-0.18395264	1
1 1 -0.010861458 0.28706516 -0.9945 0.9975 3.7179118 0.06047626 0.066632323 0.020308985 2 0 0 0 0 1 0 0 6.837766 0
"bench_d3_two_sines.csv"	23	-0.18395264	1
1 1 -0.010861458 0.28706516 -0.9945 0.9975 3.7179118 0.06047626 0.066632323 0.020308985 2 0 0 0 0 1 0 0 6.837766 0
"bench_d3_two_sines.csv"	1	-0.18395264	1
1 1 -0.010861458 0.28706516 -0.9945 0.9975 3.7179118 0.06047626 0.066632323 0.020308985 2 0 0 0 0 1 0 0 6.837766 0
"bench_d3_two_sines.csv"	21	-0.18395264	1
1 1 -0.010861458 0.28706516 -0.9945 0.9975 3.7179118 0.06047626 0.066632323 0.020308985 2 0 0 0 0 1 0 0 6.837766 0
"bench_d3_two_sines.csv"	2	0.003019067	1
1 1 -0.010861458 0.28706516 -0.9945 0.9975 3.7179118 0.06047626 0.066632323 0.020308985 2 0 0 0 0 1 0 0 6.837766 0
"bench_d3_two_sines.csv"	12	-0.18395264	1
1 1 -0.010861458 0.28706516 -0.9945 0.9975 3.7179118 0.06047626 0.066632323 0.020308985 2 0 0 0 0 1 0 0 6.837766 0
"bench_d3_two_sines.csv"	3	-0.18395264	1
1 1 -0.010861458 0.28706516 -0.9945 0.9975 3.7179118 0.06047626 0.066632323 0.020308985 2 0 0 0 0 1 0 0 6.837766 0
"bench_d3_two_sines.csv"	14	0.017306767	1
1 1 -0.010861458 0.28706516 -0.9945 0.9975 3.7179118 0.06047626 0.066632323 0.020308985 2 0 0 0 0 1 0 0 6.837766 0
"bench_d3_two_sines.csv"	4	0.0011875543	1
1 1 -0.010861458 0.28706516 -0.9945 0.9975 3.7179118 0.06047626 0.066632323 0.020308985 2 0 0 0 0 1 0 0 6.837766 0
"bench_d3_two_sines.csv"	11	-0.18395264	1
1 1 -0.010861458 0.28706516 -0.9945 0.9975 3.7179118 0.06047626 0.066632323 0.020308985 2 0 0 0 0 1 0 0 6.837766 0
"bench_d3_two_sines.csv"	23	-0.15077471	1
1 1 -0.010861458 0.28706516 -0.9945 0.9975 3.7179118 0.06047626 0.066632323 0.020308985 2 0 0 0 0 1 0 0 6.837766 0
"bench_d3_two_sines.csv"	23	-0.15077471	1
1 1 -0.010861458 0.28706516 -0.9945 0.9975 3.7179118 0.06047626 0.066632323 0.020308985 2 0 0 0 0 1 0 0 6.837766 0
"bench_d3_two_sines.csv"	1	-0.15077471	1
1 1 -0.010861458 0.28706516 -0.9945 0.9975 3.7179118 0.06047626 0.066632323 0.020308985 2 0 0 0 0 1 0 0 6.837766 0
"bench_d3_two_sines.csv"	3	-0.15077471	1
1 1 -0.010861458 0.28706516 -0.9945 0.9975 3.7179118 0.06047626 0.066632323 0.020308985 2 0 0 0 0 1 0 0 6.837766 0
"bench_d3_two_sines.csv"	2	-0.15077471	1
1 1 -0.010861458 0.28706516 -0.9945 0.9975 3.7179118 0.06047626 0.066632323 0.020308985 2 0 0 0 0 1 0 0 6.837766 0
"bench_d3_two_sines.csv"	4	-0.15077471	1
1 1 -0.010861458 0.28706516 -0.9945 0.9975 3.7179118 0.06047626 0.066632323 0.020308985 2 0 0 0 0 1 0 0 6.837766 0
"bench_d3_two_sines.csv"	11	0.0072621603	1
1 1 -0.010861458 0.28706516 -0.9945 0.9975 3.7179118 0.06047626 0.066632323 0.020308985 2 0 0 0 0 1 0 0 6.837766 0
"bench_d3_two_sines.csv"	23	-0.15081388	1
1 1 -0.010861458 0.28706516 -0.9945 0.9975 3.7179118 0.06047626 0.066632323 0.020308985 2 0 0 0 0 1 0 0 6.837766 0
"bench_d3_two_sines.csv"	23	-0.15081388	1
1 1 -0.010861458 0.28706516 -0.9945 0.9975 3.7179118 0.06047626 0.066632323 0.020308985 2 0 0 0 0 1 0 0 6.837766 0
"bench_d3_two_sines.csv"	1	-0.15081388	1
1 1 -0.010861458 0.28706516 -0.9945 0.9975 3.7179118 0.06047626 0.066632323 0.020308985 2 0 0 0 0 1 0 0 6.837766 0
"bench_d3_two_sines.csv"	3	-0.15081388	1
1 1 -0.010861458 0.28706516 -0.9945 0.9975 3.7179118 0.06047626 0.066632323 0.020308985 2 0 0 0 0 1 0 0 6.837766 0
"bench_d3_two_sines.csv"	2	-0.15081388	1
1 1 -0.010861458 0.28706516 -0.9945 0.9975 3.7179118 0.06047626 0.066632323 0.020308985 2 0 0 0 0 1 0 0 6.837766 0
"bench_d3_two_sines.csv"	4	-0.15081388	1
1 1 -0.010861458 0.28706516 -0.9945 0.9975 3.7179118 0.06047626 0.066632323 0.020308985 2 0 0 0 0 1 0 0 6.837766 0
"bench_d3_two_sines.csv"	11	0.0072153878	1
1 1 -0.010861458 0.28706516 -0.9945 0.9975 3.7179118 0.06047626 0.066632323 0.020308985 2 0 0 0 0 1 0 0 6.837766 0
"bench_d3_two_sines.csv"	23	-0.15082331	1
1 1 -0.010861458 0.28706516 -0.9945 0.9975 3.7179118 0.06047626 0.066632323 0.020308985 2 0 0 0 0 1 0 0 6.837766 0
"bench_d3_two_sines.csv"	23	-0.15082331	1
1 1 -0.010861458 0.28706516 -0.9945 0.9975 3.7179118 0.06047626 0.066632323 0.020308985 2 0 0 0 0 1 0 0 6.837766 0
"bench_d3_two_sines.csv"	1	-0.15082331	1
1 1 -0.010861458 0.28706516 -0.9945 0.9975 3.7179118 0.06047626 0.066632323 0.020308985 2 0 0 0 0 1 0 0 6.837766 0
"bench_d3_two_sines.csv"	21	-0.15082331	1
1 1 -0.010861458 0.28706516 -0.9945 0.9975 3.7179118 0.06047626 0.066632323 0.020308985 2 0 0 0 0 1 0 0 6.837766 0
"bench_d3_two_sines.csv"	3	-0.15082331	1
1 1 -0.010861458 0.28706516 -0.9945 0.9975 3.7179118 0.06047626 0.066632323 0.020308985 2 0 0 0 0 1 0 0 6.837766 0
"bench_d3_two_sines.csv"	2	0.012762954	1
1 1 -0.010861458 0.28706516 -0.9945 0.9975 3.7179118 0.06047626 0.066632323 0.020308985 2 0 0 0 0 1 0 0 6.837766 0
"bench_d3_two_sines.csv"	12	-0.15082331	1
1 1 -0.010861458 0.28706516 -0.9945 0.9975 3.7179118 0.06047626 0.066632323 0.020308985 2 0 0 0 0 1 0 0 6.837766 0
"bench_d3_two_sines.csv"	14	0.019598344	1
1 1 -0.010861458 0.28706516 -0.9945 0.9975 3.7179118 0.06047626 0.066632323 0.020308985 2 0 0 0 0 1 0 0 6.837766 0
"bench_d3_two_sines.csv"	4	0.022844725	1
1 1 -0.010861458 0.28706516 -0.9945 0.9975 3.7179118 0.06047626 0.066632323 0.020308985 2 0 0 0 0 1 0 0 6.837766 0
"bench_d3_two_sines.csv"	11	-0.15082331	1
1 1 -0.010861458 0.28706516 -0.9945 0.9975 3.7179118 0.06047626 0.066632323 0.020308985 2 0 0 0 0 1 0 0 6.837766 0
"bench_d3_two_sines.csv"	11	0.0072052909	1
1 1 -0.010861458 0.28706516 -0.9945 0.9975 3.7179118 0.06047626 0.066632323 0.020308985 2 0 0 0 0 1 0 0 6.837766 0
"bench_d3_two_sines.csv"	23	-0.15085478	1
1 1 -0.010861458 0.28706516 -0.9945 0.9975 3.7179118 0.06047626 0.066632323 0.020308985 2 0 0 0 0 1 0 0 6.837766 0
"bench_d3_two_sines.csv"	23	-0.15085478	1
1 1 -0.010861458 0.28706516 -0.9945 0.9975 3.7179118 0.06047626 0.066632323 0.020308985 2 0 0 0 0 1 0 0 6.837766 0
"bench_d3_two_sines.csv"	1	-0.15085478	1
1 1 -0.010861458 0.28706516 -0.9945 0.9975 3.7179118 0.06047626 0.066632323 0.020308985 2 0 0 0 0 1 0 0 6.837766 0
"bench_d3_two_sines.csv"	3	-0.15085478	1
1 1 -0.010861458 0.28706516 -0.9945 0.9975 3.7179118 0.06047626 0.066632323 0.020308985 2 0 0 0 0 1 0 0 6.837766 0
"bench_d3_two_sines.csv"	2	-0.15085478	1
1 1 -0.010861458 0.28706516 -0.9945 0.9975 3.7179118 0.06047626 0.066632323 0.020308985 2 0 0 0 0 1 0 0 6.837766 0
"bench_d3_two_sines.csv"	4	-0.15085478	1
1 1 -0.010861458 0.28706516 -0.9945 0.9975 3.7179118 0.06047626 0.066632323 0.020308985 2 0 0 0 0 1 0 0 6.837766 0
"bench_d3_two_sines.csv"	11	0.0071670676	1
1 1 -0.010861458 0.28706516 -0.9945 0.9975 3.7179118 0.06047626 0.066632323 0.020308985 2 0 0 0 0 1 0 0 6.837766 0
"bench_d3_two_sines.csv"	23	-0.15087118	1
1 1 -0.010861458 0.28706516 -0.9945 0.9975 3.7179118 0.06047626 0.066632323 0.020308985 2 0 0 0 0 1 0 0 6.837766 0
"bench_d3_two_sines.csv"	23	-0.15087118	1
1 1 -0.010861458 0.28706516 -0.9945 0.9975 3.7179118 0.06047626 0.066632323 0.020308985 2 0 0 0 0 1 0 0 6.837766 0
"bench_d3_two_sines.csv"	1	-0.15087118	1
1 1 -0.010861458 0.28706516 -0.9945 0.9975 3.7179118 0.06047626 0.066632323 0.020308985 2 0 0 0 0 1 0 0 6.837766 0
"bench_d3_two_sines.csv"	3	-0.15087118	1
1 1 -0.010861458 0.28706516 -0.9945 0.9975 3.7179118 0.06047626 0.066632323 0.020308985 2 0 0 0 0 1 0 0 6.837766 0
"bench_d3_two_sines.csv"	2	-0.15087118	1
1 1 -0.010861458 0.28706516 -0.9945 0.9975 3.7179118 0.06047626 0.066632323 0.020308985 2 0 0 0 0 1 0 0 6.837766 0
"bench_d3_two_sines.csv"	4	-0.15087118	1
1 1 -0.010861458 0.28706516 -0.9945 0.9975 3.7179118 0.06047626 0.066632323 0.020308985 2 0 0 0 0 1 0 0 6.837766 0
"bench_d3_two_sines.csv"	11	0.007148564	1
1 1 -0.010861458 0.28706516 -0.9945 0.9975 3.7179118 0.06047626 0.066632323 0.020308985 2 0 0 0 0 1 0 0 6.837766 0
"bench_d3_two_sines.csv"	23	-0.15111428	1
1 1 -0.010861458 0.28706516 -0.9945 0.9975 3.7179118 0.06047626 0.066632323 0.020308985 2 0 0 0 0 1 0 0 6.837766 0
"bench_d3_two_sines.csv"	23	-0.15111428	1
1 1 -0.010861458 0.28706516 -0.9945 0.9975 3.7179118 0.06047626 0.066632323 0.020308985 2 0 0 0 0 1 0 0 6.837766 0
"bench_d3_two_sines.csv"	1	-0.15111428	1
1 1 -0.010861458 0.28706516 -0.9945 0.9975 3.7179118 0.06047626 0.066632323 0.020308985 2 0 0 0 0 1 0 0 6.837766 0
"bench_d3_two_sines.csv"	3	-0.15111428	1
1 1 -0.010861458 0.28706516 -0.9945 0.9975 3.7179118 0.06047626 0.066632323 0.020308985 2 0 0 0 0 1 0 0 6.837766 0
"bench_d3_two_sines.csv"	2	-0.15111428	1
1 1 -0.010861458 0.28706516 -0.9945 0.9975 3.7179118 0.06047626 0.066632323 0.020308985 2 0 0 0 0 1 0 0 6.837766 0
"bench_d3_two_sines.csv"	4	-0.15111428	1
1 1 -0.010861458 0.28706516 -0.9945 0.9975 3.7179118 0.06047626 0.066632323 0.020308985 2 0 0 0 0 1 0 0 6.837766 0
"bench_d3_two_sines.csv"	11	0.0068503759	1
1 1 -0.010861458 0.28706516 -0.9945 0.9975 3.7179118 0.06047626 0.066632323 0.020308985 2 0 0 0 0 1 0 0 6.837766 0
"bench_d3_two_sines.csv"	23	-0.15113935	1
1 1 -0.010861458 0.28706516 -0.9945 0.9975 3.7179118 0.06047626 0.066632323 0.020308985 2 0 0 0 0 1 0 0 6.837766 0
"bench_d3_two_sines.csv"	23	-0.15113935	1
1 1 -0.010861458 0.28706516 -0.9945 0.9975 3.7179118 0.06047626 0.066632323 0.020308985 2 0 0 0 0 1 0 0 6.837766 0
"bench_d3_two_sines.csv"	1	-0.15113935	1
1 1 -0.010861458 0.28706516 -0.9945 0.9975 3.7179118 0.06047626 0.066632323 0.020308985 2 0 0 0 0 1 0 0 6.837766 0
"bench_d3_two_sines.csv"	3	-0.15113935	1
1 1 -0.010861458 0.28706516 -0.9945 0.9975 3.7179118 0.06047626 0.066632323 0.020308985 2 0 0 0 0 1 0 0 6.837766 0
"bench_d3_two_sines.csv"	2	-0.15113935	1
1 1 -0.010861458 0.28706516 -0.9945 0.9975 3.7179118 0.06047626 0.066632323 0.020308985 2 0 0 0 0 1 0 0 6.837766 0
"bench_d3_two_sines.csv"	4	-0.15113935	1
1 1 -0.010861458 0.28706516 -0.9945 0.9975 3.7179118 0.06047626 0.066632323 0.020308985 2 0 0 0 0 1 0 0 6.837766 0
"bench_d3_two_sines.csv"	11	0.0068184972	1
1 1 -0.010861458 0.28706516 -0.9945 0.9975 3.7179118 0.06047626 0.066632323 0.020308985 2 0 0 0 0 1 0 0 6.837766 0
"bench_d3_two_sines.csv"	23	-0.15116433	1
1 1 -0.010861458 0.28706516 -0.9945 0.9975 3.7179118 0.06047626 0.066632323 0.020308985 2 0 0 0 0 1 0 0 6.837766 0
"bench_d3_two_sines.csv"	23	-0.15116433	1
1 1 -0.010861458 0.28706516 -0.9945 0.9975 3.7179118 0.06047626 0.066632323 0.020308985 2 0 0 0 0 1 0 0 6.837766 0
"bench_d3_two_sines.csv"	1	-0.15116433	1
1 1 -0.010861458 0.28706516 -0.9945 0.9975 3.7179118 0.06047626 0.066632323 0.020308985 2 0 0 0 0 1 0 0 6.837766 0
"bench_d3_two_sines.csv"	3	-0.15116433	1
1 1 -0.010861458 0.28706516 -0.9945 0.9975 3.7179118 0.06047626 0.066632323 0.020308985 2 0 0 0 0 1 0 0 6.837766 0
"bench_d3_two_sines.csv"	2	-0.15116433	1
1 1 -0.010861458 0.28706516 -0.9945 0.9975 3.7179118 0.06047626 0.066632323 0.020308985 2 0 0 0 0 1 0 0 6.837766 0
"bench_d3_two_sines.csv"	4	-0.15116433	1
1 1 -0.010861458 0.28706516 -0.9945 0.9975 3.7179118 0.06047626 0.066632323 0.020308985 2 0 0 0 0 1 0 0 6.837766 0
"bench_d3_two_sines.csv"	11	0.0067868881	1
1 1 -0.010861458 0.28706516 -0.9945 0.9975 3.7179118 0.06047626 0.066632323 0.020308985 2 0 0 0 0 1 0 0 6.837766 0
"bench_d3_two_sines.csv"	23	-0.15118961	1
1 1 -0.010861458 0.28706516 -0.9945 0.9975 3.7179118 0.06047626 0.066632323 0.020308985 2 0 0 0 0 1 0 0 6.837766 0
"bench_d3_two_sines.csv"	23	-0.15118961	1
1 1 -0.010861458 0.28706516 -0.9945 0.9975 3.7179118 0.06047626 0.066632323 0.020308985 2 0 0 0 0 1 0 0 6.837766 0
"bench_d3_two_sines.csv"	1	-0.15118961	1
1 1 -0.010861458 0.28706516 -0.9945 0.9975 3.7179118 0.06047626 0.066632323 0.020308985 2 0 0 0 0 1 0 0 6.837766 0
"bench_d3_two_sines.csv"	3	-0.15118961	1
1 1 -0.010861458 0.28706516 -0.9945 0.9975 3.7179118 0.06047626 0.066632323 0.020308985 2 0 0 0 0 1 0 0 6.837766 0
"bench_d3_two_sines.csv"	2	-0.15118961	1
1 1 -0.010861458 0.28706516 -0.9945 0.9975 3.7179118 0.06047626 0.066632323 0.020308985 2 0 0 0 0 1 0 0 6.837766 0
"bench_d3_two_sines.csv"	4	-0.15118961	1
1 1 -0.010861458 0.28706516 -0.9945 0.9975 3.7179118 0.06047626 0.066632323 0.020308985 2 0 0 0 0 1 0 0 6.837766 0
"bench_d3_two_sines.csv"	11	0.0067544444	1
1 1 -0.010861458 0.28706516 -0.9945 0.9975 3.7179118 0.06047626 0.066632323 0.020308985 2 0 0 0 0 1 0 0 6.837766 0
"bench_d3_two_sines.csv"	23	-0.15121493	1
1 1 -0.010861458 0.28706516 -0.9945 0.9975 3.7179118 0.06047626 0.066632323 0.020308985 2 0 0 0 0 1 0 0 6.837766 0
"bench_d3_two_sines.csv"	23	-0.15121493	1
1 1 -0.010861458 0.28706516 -0.9945 0.9975 3.7179118 0.06047626 0.066632323 0.020308985 2 0 0 0 0 1 0 0 6.837766 0
"bench_d3_two_sines.csv"	1	-0.15121493	1
1 1 -0.010861458 0.28706516 -0.9945 0.9975 3.7179118 0.06047626 0.066632323 0.020308985 2 0 0 0 0 1 0 0 6.837766 0
"bench_d3_two_sines.csv"	3	-0.15121493	1
1 1 -0.010861458 0.28706516 -0.9945 0.9975 3.7179118 0.06047626 0.066632323 0.020308985 2 0 0 0 0 1 0 0 6.837766 0
"bench_d3_two_sines.csv"	2	-0.15121493	1
1 1 -0.010861458 0.28706516 -0.9945 0.9975 3.7179118 0.06047626 0.066632323 0.020308985 2 0 0 0 0 1 0 0 6.837766 0
"bench_d3_two_sines.csv"	4	-0.15121493	1
1 1 -0.010861458 0.28706516 -0.9945 0.9975 3.7179118 0.06047626 0.066632323 0.020308985 2 0 0 0 0 1 0 0 6.837766 0
"bench_d3_two_sines.csv"	11	0.0067220094	1
1 1 -0.010861458 0.28706516 -0.9945 0.9975 3.7179118 0.06047626 0.066632323 0.020308985 2 0 0 0 0 1 0 0 6.837766 0
"bench_d3_two_sines.csv"	1	0.014634656	1
1 1 -0.010861458 0.28706516 -0.9945 0.9975 3.7179118 0.06047626 0.066632323 0.020308985 2 0 0 0 0 1 0 0 6.837766 0
"bench_d3_two_sines.csv"	2	0.0012886428	1
1 1 -0.010861458 0.28706516 -0.9945 0.9975 3.7179118 0.06047626 0.066632323 0.020308985 2 0 0 0 0 1 0 0 6.837766 0
"bench_d3_two_sines.csv"	4	0.0076936266	1
1 1 -0.010861458 0.28706516 -0.9945 0.9975 3.7179118 0.06047626 0.066632323 0.020308985 2 0 0 0 0 1 0 0 6.837766 0
"bench_d3_two_sines.csv"	3	0.00092805543	1
1 1 -0.010861458 0.28706516 -0.9945 0.9975 3.7179118 0.06047626 0.066632323 0.020308985 2 0 0 0 0 1 0 0 6.837766 0
"bench_d3_two_sines.csv"	21	-0.18395264	1
1 1 -0.010861458 0.28706516 -0.9945 0.9975 3.7179118 0.06047626 0.066632323 0.020308985 2 0 0 0 0 1 0 0 6.837766 0
"bench_d3_two_sines.csv"	23	-0.18395264	1
1 1 -0.010861458 0.28706516 -0.9945 0.9975 3.7179118 0.06047626 0.066632323 0.020308985 2 0 0 0 0 1 0 0 6.837766 0
"bench_d3_two_sines.csv"	23	-0.18395264	1
1 1 -0.010861458 0.28706516 -0.9945 0.9975 3.7179118 0.06047626 0.066632323 0.020308985 2 0 0 0 0 1 0 0 6.837766 0
"bench_d3_two_sines.csv"	1	-0.18395264	1
1 1 -0.010861458 0.28706516 -0.9945 0.9975 3.7179118 0.06047626 0.066632323 0.020308985 2 0 0 0 0 1 0 0 6.837766 0
"bench_d3_two_sines.csv"	12	-0.18395264	1
1 1 -0.010861458 0.28706516 -0.9945 0.9975 3.7179118 0.06047626 0.066632323 0.020308985 2 0 0 0 0 1 0 0 6.837766 0
"bench_d3_two_sines.csv"	2	-0.18395264	1
1 1 -0.010861458 0.28706516 -0.9945 0.9975 3.7179118 0.06047626 0.066632323 0.020308985 2 0 0 0 0 1 0 0 6.837766 0
"bench_d3_two_sines.csv"	14	0.017919139	1
1 1 -0.010861458 0.28706516 -0.9945 0.9975 3.7179118 0.06047626 0.066632323 0.020308985 2 0 0 0 0 1 0 0 6.837766 0
"bench_d3_two_sines.csv"	3	-0.18395264	1
1 1 -0.010861458 0.28706516 -0.9945 0.9975 3.7179118 0.06047626 0.066632323 0.020308985 2 0 0 0 0 1 0 0 6.837766 0
"bench_d3_two_sines.csv"	4	0.0011875543	1
1 1 -0.010861458 0.28706516 -0.9945 0.9975 3.7179118 0.06047626 0.066632323 0.020308985 2 0 0 0 0 1 0 0 6.837766 0
"bench_d3_two_sines.csv"	11	-0.18395264	1
1 1 -0.010861458 0.28706516 -0.9945 0.9975 3.7179118 0.06047626 0.066632323 0.020308985 2 0 0 0 0 1 0 0 6.837766 0
"bench_d3_two_sines.csv"	23	-0.15077471	1
1 1 -0.010861458 0.28706516 -0.9945 0.9975 3.7179118 0.06047626 0.066632323 0.020308985 2 0 0 0 0 1 0 0 6.837766 0
"bench_d3_two_sines.csv"	23	-0.15077471	1
1 1 -0.010861458 0.28706516 -0.9945 0.9975 3.7179118 0.06047626 0.066632323 0.020308985 2 0 0 0 0 1 0 0 6.837766 0
"bench_d3_two_sines.csv"	1	-0.15077471	1
1 1 -0.010861458 0.28706516 -0.9945 0.9975 3.7179118 0.06047626 0.066632323 0.020308985 2 0 0 0 0 1 0 0 6.837766 0
"bench_d3_two_sines.csv"	3	-0.15077471	1
1 1 -0.010861458 0.28706516 -0.9945 0.9975 3.7179118 0.06047626 0.066632323 0.020308985 2 0 0 0 0 1 0 0 6.837766 0
"bench_d3_two_sines.csv"	2	-0.15077471	1
1 1 -0.010861458 0.28706516 -0.9945 0.9975 3.7179118 0.06047626 0.066632323 0.020308985 2 0 0 0 0 1 0 0 6.837766 0
"bench_d3_two_sines.csv"	4	-0.15077471	1
1 1 -0.010861458 0.28706516 -0.9945 0.9975 3.7179118 0.06047626 0.066632323 0.020308985 2 0 0 0 0 1 0 0 6.837766 0
"bench_d3_two_sines.csv"	11	0.0072621603	1
1 1 -0.010861458 0.28706516 -0.9945 0.9975 3.7179118 0.06047626 0.066632323 0.020308985 2 0 0 0 0 1 0 0 6.837766 0
"bench_d3_two_sines.csv"	23	-0.15081388	1
1 1 -0.010861458 0.28706516 -0.9945 0.9975 3.7179118 0.06047626 0.066632323 0.020308985 2 0 0 0 0 1 0 0 6.837766 0
"bench_d3_two_sines.csv"	23	-0.15081388	1
1 1 -0.010861458 0.28706516 -0.9945 0.9975 3.7179118 0.06047626 0.066632323 0.020308985 2 0 0 0 0 1 0 0 6.837766 0
"bench_d3_two_sines.csv"	1	-0.15081388	1
1 1 -0.010861458 0.28706516 -0.9945 0.9975 3.7179118 0.06047626 0.066632323 0.020308985 2 0 0 0 0 1 0 0 6.837766 0
"bench_d3_two_sines.csv"	3	-0.15081388	1
1 1 -0.010861458 0.28706516 -0.9945 0.9975 3.7179118 0.06047626 0.066632323 0.020308985 2 0 0 0 0 1 0 0 6.837766 0
"bench_d3_two_sines.csv"	2	-0.15081388	1
1 1 -0.010861458 0.28706516 -0.9945 0.9975 3.7179118 0.06047626 0.066632323 0.020308985 2 0 0 0 0 1 0 0 6.837766 0
"bench_d3_two_sines.csv"	4	-0.15081388	1
1 1 -0.010861458 0.28706516 -0.9945 0.9975 3.7179118 0.06047626 0.066632323 0.020308985 2 0 0 0 0 1 0 0 6.837766 0
"bench_d3_two_sines.csv"	11	0.0072153878	1
1 1 -0.010861458 0.28706516 -0.9945 0.9975 3.7179118 0.06047626 0.066632323 0.020308985 2 0 0 0 0 1 0 0 6.837766 0
"bench_d3_two_sines.csv"	21	-0.15082331	1
1 1 -0.010861458 0.28706516 -0.9945 0.9975 3.7179118 0.06047626 0.066632323 0.020308985 2 0 0 0 0 1 0 0 6.837766 0
"bench_d3_two_sines.csv"	23	-0.15082331	1
1 1 -0.010861458 0.28706516 -0.9945 0.9975 3.7179118 0.06047626 0.066632323 0.020308985 2 0 0 0 0 1 0 0 6.837766 0
"bench_d3_two_sines.csv"	23	-0.15082331	1
1 1 -0.010861458 0.28706516 -0.9945 0.9975 3.7179118 0.06047626 0.066632323 0.020308985 2 0 0 0 0 1 0 0 6.837766 0
"bench_d3_two_sines.csv"	1	-0.15082331	1
1 1 -0.010861458 0.28706516 -0.9945 0.9975 3.7179118 0.06047626 0.066632323 0.020308985 2 0 0 0 0 1 0 0 6.837766 0
"bench_d3_two_sines.csv"	12	-0.15082331	1
1 1 -0.010861458 0.28706516 -0.9945 0.9975 3.7179118 0.06047626 0.066632323 0.020308985 2 0 0 0 0 1 0 0 6.837766 0
"bench_d3_two_sines.csv"	3	-0.15082331	1
1 1 -0.010861458 0.28706516 -0.9945 0.9975 3.7179118 0.06047626 0.066632323 0.020308985 2 0 0 0 0 1 0 0 6.837766 0
"bench_d3_two_sines.csv"	2	-0.15082331	1
1 1 -0.010861458 0.28706516 -0.9945 0.9975 3.7179118 0.06047626 0.066632323 0.020308985 2 0 0 0 0 1 0 0 6.837766 0
"bench_d3_two_sines.csv"	14	0.019598344	1
1 1 -0.010861458 0.28706516 -0.9945 0.9975 3.7179118 0.06047626 0.066632323 0.020308985 2 0 0 0 0 1 0 0 6.837766 0
"bench_d3_two_sines.csv"	4	0.022844725	1
1 1 -0.010861458 0.28706516 -0.9945 0.9975 3.7179118 0.06047626 0.066632323 0.020308985 2 0 0 0 0 1 0 0 6.837766 0
"bench_d3_two_sines.csv"	11	-0.15082331	1
1 1 -0.010861458 0.28706516 -0.9945 0.9975 3.7179118 0.06047626 0.066632323 0.020308985 2 0 0 0 0 1 0 0 6.837766 0
"bench_d3_two_sines.csv"	11	0.0072052909	1
1 1 -0.010861458 0.28706516 -0.9945 0.9975 3.7179118 0.06047626 0.066632323 0.020308985 2 0 0 0 0 1 0 0 6.837766 0
"bench_d3_two_sines.csv"	23	-0.15085478	1
1 1 -0.010861458 0.28706516 -0.9945 0.9975 3.7179118 0.06047626 0.066632323 0.020308985 2 0 0 0 0 1 0 0 6.837766 0
"bench_d3_two_sines.csv"	23	-0.15085478	1
1 1 -0.010861458 0.28706516 -0.9945 0.9975 3.7179118 0.06047626 0.066632323 0.020308985 2 0 0 0 0 1 0 0 6.837766 0
"bench_d3_two_sines.csv"	1	-0.15085478	1
1 1 -0.010861458 0.28706516 -0.9945 0.9975 3.7179118 0.06047626 0.066632323 0.020308985 2 0 0 0 0 1 0 0 6.837766 0
"bench_d3_two_sines.csv"	3	-0.15085478	1
1 1 -0.010861458 0.28706516 -0.9945 0.9975 3.7179118 0.06047626 0.066632323 0.020308985 2 0 0 0 0 1 0 0 6.837766 0
"bench_d3_two_sines.csv"	2	-0.15085478	1
1 1 -0.010861458 0.28706516 -0.9945 0.9975 3.7179118 0.06047626 0.066632323 0.020308985 2 0 0 0 0 1 0 0 6.837766 0
"bench_d3_two_sines.csv"	4	-0.15085478	1
1 1 -0.010861458 0.28706516 -0.9945 0.9975 3.7179118 0.06047626 0.066632323 0.020308985 2 0 0 0 0 1 0 0 6.837766 0
"bench_d3_two_sines.csv"	11	0.0071670676	1
1 1 -0.010861458 0.28706516 -0.9945 0.9975 3.7179118 0.06047626 0.066632323 0.020308985 2 0 0 0 0 1 0 0 6.837766 0
"bench_d3_two_sines.csv"	23	-0.15087118	1
1 1 -0.010861458 0.28706516 -0.9945 0.9975 3.7179118 0.06047626 0.066632323 0.020308985 2 0 0 0 0 1 0 0 6.837766 0
"bench_d3_two_sines.csv"	23	-0.15087118	1
1 1 -0.010861458 0.28706516 -0.9945 0.9975 3.7179118 0.06047626 0.066632323 0.020308985 2 0 0 0 0 1 0 0 6.837766 0
"bench_d3_two_sines.csv"	1	-0.15087118	1
1 1 -0.010861458 0.28706516 -0.9945 0.9975 3.7179118 0.06047626 0.066632323 0.020308985 2 0 0 0 0 1 0 0 6.837766 0
"bench_d3_two_sines.csv"	3	-0.15087118	1
1 1 -0.010861458 0.28706516 -0.9945 0.9975 3.7179118 0.06047626 0.066632323 0.020308985 2 0 0 0 0 1 0 0 6.837766 0
"bench_d3_two_sines.csv"	2	-0.15087118	1
1 1 -0.010861458 0.28706516 -0.9945 0.9975 3.7179118 0.06047626 0.066632323 0.020308985 2 0 0 0 0 1 0 0 6.837766 0
"bench_d3_two_sines.csv"	4	-0.15087118	1
1 1 -0.010861458 0.28706516 -0.9945 0.9975 3.7179118 0.06047626 0.066632323 0.020308985 2 0 0 0 0 1 0 0 6.837766 0
"bench_d3_two_sines.csv"	11	0.007148564	1
1 1 -0.010861458 0.28706516 -0.9945 0.9975 3.7179118 0.06047626 0.066632323 0.020308985 2 0 0 0 0 1 0 0 6.837766 0
"bench_d3_two_sines.csv"	23	-0.15111428	1
1 1 -0.010861458 0.28706516 -0.9945 0.9975 3.7179118 0.06047626 0.066632323 0.020308985 2 0 0 0 0 1 0 0 6.837766 0
"bench_d3_two_sines.csv"	23	-0.15111428	1
1 1 -0.010861458 0.28706516 -0.9945 0.9975 3.7179118 0.06047626 0.066632323 0.020308985 2 0 0 0 0 1 0 0 6.837766 0
"bench_d3_two_sines.csv"	1	-0.15111428	1
1 1 -0.010861458 0.28706516 -0.9945 0.9975 3.7179118 0.06047626 0.066632323 0.020308985 2 0 0 0 0 1 0 0 6.837766 0
"bench_d3_two_sines.csv"	3	-0.15111428	1
1 1 -0.010861458 0.28706516 -0.9945 0.9975 3.7179118 0.06047626 0.066632323 0.020308985 2 0 0 0 0 1 0 0 6.837766 0
"bench_d3_two_sines.csv"	2	-0.15111428	1
1 1 -0.010861458 0.28706516 -0.9945 0.9975 3.7179118 0.06047626 0.066632323 0.020308985 2 0 0 0 0 1 0 0 6.837766 0
"bench_d3_two_sines.csv"	4	-0.15111428	1
1 1 -0.010861458 0.28706516 -0.9945 0.9975 3.7179118 0.06047626 0.066632323 0.020308985 2 0 0 0 0 1 0 0 6.837766 0
"bench_d3_two_sines.csv"	11	0.0068503759	1
1 1 -0.010861458 0.28706516 -0.9945 0.9975 3.7179118 0.06047626 0.066632323 0.020308985 2 0 0 0 0 1 0 0 6.837766 0
"bench_d3_two_sines.csv"	23	-0.15113935	1
1 1 -0.010861458 0.28706516 -0.9945 0.9975 3.7179118 0.06047626 0.066632323 0.020308985 2 0 0 0 0 1 0 0 6.837766 0
"bench_d3_two_sines.csv"	23	-0.15113935	1
1 1 -0.010861458 0.28706516 -0.9945 0.9975 3.7179118 0.06047626 0.066632323 0.020308985 2 0 0 0 0 1 0 0 6.837766 0
"bench_d3_two_sines.csv"	1	-0.15113935	1
1 1 -0.010861458 0.28706516 -0.9945 0.9975 3.7179118 0.06047626 0.066632323 0.020308985 2 0 0 0 0 1 0 0 6.837766 0
"bench_d3_two_sines.csv"	3	-0.15113935	1
1 1 -0.010861458 0.28706516 -0.9945 0.9975 3.7179118 0.06047626 0.066632323 0.020308985 2 0 0 0 0 1 0 0 6.837766 0
"bench_d3_two_sines.csv"	2	-0.15113935	1
1 1 -0.010861458 0.28706516 -0.9945 0.9975 3.7179118 0.06047626 0.066632323 0.020308985 2 0 0 0 0 1 0 0 6.837766 0
"bench_d3_two_sines.csv"	4	-0.15113935	1
1 1 -0.010861458 0.28706516 -0.9945 0.9975 3.7179118 0.06047626 0.066632323 0.020308985 2 0 0 0 0 1 0 0 6.837766 0
"bench_d3_two_sines.csv"	11	0.0068184972	1
1 1 -0.010861458 0.28706516 -0.9945 0.9975 3.7179118 0.06047626 0.066632323 0.020308985 2 0 0 0 0 1 0 0 6.837766 0
"bench_d3_two_sines.csv"	23	-0.15116433	1
1 1 -0.010861458 0.28706516 -0.9945 0.9975 3.7179118 0.06047626 0.066632323 0.020308985 2 0 0 0 0 1 0 0 6.837766 0
"bench_d3_two_sines.csv"	23	-0.15116433	1
1 1 -0.010861458 0.28706516 -0.9945 0.9975 3.7179118 0.06047626 0.066632323 0.020308985 2 0 0 0 0 1 0 0 6.837766 0
"bench_d3_two_sines.csv"	1	-0.15116433	1
1 1 -0.010861458 0.28706516 -0.9945 0.9975 3.7179118 0.06047626 0.066632323 0.020308985 2 0 0 0 0 1 0 0 6.837766 0
"bench_d3_two_sines.csv"	3	-0.15116433	1
1 1 -0.010861458 0.28706516 -0.9945 0.9975 3.7179118 0.06047626 0.066632323 0.020308985 2 0 0 0 0 1 0 0 6.837766 0
"bench_d3_two_sines.csv"	2	-0.15116433	1
1 1 -0.010861458 0.28706516 -0.9945 0.9975 3.7179118 0.06047626 0.066632323 0.020308985 2 0 0 0 0 1 0 0 6.837766 0
"bench_d3_two_sines.csv"	4	-0.15116433	1
1 1 -0.010861458 0.28706516 -0.9945 0.9975 3.7179118 0.06047626 0.066632323 0.020308985 2 0 0 0 0 1 0 0 6.837766 0
"bench_d3_two_sines.csv"	11	0.0067868881	1
1 1 -0.010861458 0.28706516 -0.9945 0.9975 3.7179118 0.06047626 0.066632323 0.020308985 2 0 0 0 0 1 0 0 6.837766 0
"bench_d3_two_sines.csv"	23	-0.15118961	1
1 1 -0.010861458 0.28706516 -0.9945 0.9975 3.7179118 0.06047626 0.066632323 0.020308985 2 0 0 0 0 1 0 0 6.837766 0
"bench_d3_two_sines.csv"	23	-0.15118961	1
1 1 -0.010861458 0.28706516 -0.9945 0.9975 3.7179118 0.06047626 0.066632323 0.020308985 2 0 0 0 0 1 0 0 6.837766 0
"bench_d3_two_sines.csv"	1	-0.15118961	1
1 1 -0.010861458 0.28706516 -0.9945 0.9975 3.7179118 0.06047626 0.066632323 0.020308985 2 0 0 0 0 1 0 0 6.837766 0
"bench_d3_two_sines.csv"	3	-0.15118961	1
1 1 -0.010861458 0.28706516 -0.9945 0.9975 3.7179118 0.06047626 0.066632323 0.020308985 2 0 0 0 0 1 0 0 6.837766 0
"bench_d3_two_sines.csv"	2	-0.15118961	1
1 1 -0.010861458 0.28706516 -0.9945 0.9975 3.7179118 0.06047626 0.066632323 0.020308985 2 0 0 0 0 1 0 0 6.837766 0
"bench_d3_two_sines.csv"	4	-0.15118961	1
1 1 -0.010861458 0.28706516 -0.9945 0.9975 3.7179118 0.06047626 0.066632323 0.020308985 2 0 0 0 0 1 0 0 6.837766 0
"bench_d3_two_sines.csv"	11	0.0067544444	1
1 1 -0.010861458 0.28706516 -0.9945 0.9975 3.7179118 0.06047626 0.066632323 0.020308985 2 0 0 0 0 1 0 0 6.837766 0
"bench_d3_two_sines.csv"	23	-0.15121493	1
1 1 -0.010861458 0.28706516 -0.9945 0.9975 3.7179118 0.06047626 0.066632323 0.020308985 2 0 0 0 0 1 0 0 6.837766 0
"bench_d3_two_sines.csv"	23	-0.15121493	1
1 1 -0.010861458 0.28706516 -0.9945 0.9975 3.7179118 0.06047626 0.066632323 0.020308985 2 0 0 0 0 1 0 0 6.837766 0
"bench_d3_two_sines.csv"	1	-0.15121493	1
1 1 -0.010861458 0.28706516 -0.9945 0.9975 3.7179118 0.06047626 0.066632323 0.020308985 2 0 0 0 0 1 0 0 6.837766 0
"bench_d3_two_sines.csv"	3	-0.15121493	1
1 1 -0.010861458 0.28706516 -0.9945 0.9975 3.7179118 0.06047626 0.066632323 0.020308985 2 0 0 0 0 1 0 0 6.837766 0
"bench_d3_two_sines.csv"	2	-0.15121493	1
1 1 -0.010861458 0.28706516 -0.9945 0.9975 3.7179118 0.06047626 0.066632323 0.020308985 2 0 0 0 0 1 0 0 6.837766 0
"bench_d3_two_sines.csv"	4	-0.15121493	1
1 1 -0.010861458 0.28706516 -0.9945 0.9975 3.7179118 0.06047626 0.066632323 0.020308985 2 0 0 0 0 1 0 0 6.837766 0
"bench_d3_two_sines.csv"	11	0.0067220094	1
1 1 -0.010861458 0.28706516 -0.9945 0.9975 3.7179118 0.06047626 0.066632323 0.020308985 2 0 0 0 0 1 0 0 6.837766 0
"bench_d3_two_sines.csv"	1	0.014634656	1
1 1 -0.010861458 0.28706516 -0.9945 0.9975 3.7179118 0.06047626 0.066632323 0.020308985 2 0 0 0 0 1 0 0 6.837766 0
"bench_d3_two_sines.csv"	2	0.0012886428	1
1 1 -0.010861458 0.28706516 -0.9945 0.9975 3.7179118 0.06047626 0.066632323 0.020308985 2 0 0 0 0 1 0 0 6.837766 0
"bench_d3_two_sines.csv"	4	0.0076936266	1
1 1 -0.010861458 0.28706516 -0.9945 0.9975 3.7179118 0.06047626 0.066632323 0.020308985 2 0 0 0 0 1 0 0 6.837766 0
"bench_d3_two_sines.csv"	3	0.00092805543	1
1 1 -0.010861458 0.28706516 -0.9945 0.9975 3.7179118 0.06047626 0.066632323 0.020308985 2 0 0 0 0 1 0 0 6.837766 0
"bench_d3_two_sines.csv"	21	-0.18395264	1
1 1 -0.010861458 0.28706516 -0.9945 0.9975 3.7179118 0.06047626 0.066632323 0.020308985 2 0 0 0 0 1 0 0 6.837766 0
"bench_d3_two_sines.csv"	23	-0.18395264	1
1 1 -0.010861458 0.28706516 -0.9945 0.9975 3.7179118 0.06047626 0.066632323 0.020308985 2 0 0 0 0 1 0 0 6.837766 0
"bench_d3_two_sines.csv"	23	-0.18395264	1
1 1 -0.010861458 0.28706516 -0.9945 0.9975 3.7179118 0.06047626 0.066632323 0.020308985 2 0 0 0 0 1 0 0 6.837766 0
"bench_d3_two_sines.csv"	1	-0.18395264	1
1 1 -0.010861458 0.28706516 -0.9945 0.9975 3.7179118 0.06047626 0.066632323 0.020308985 2 0 0 0 0 1 0 0 6.837766 0
"bench_d3_two_sines.csv"	12	-0.18395264	1
1 1 -0.010861458 0.28706516 -0.9945 0.9975 3.7179118 0.06047626 0.066632323 0.020308985 2 0 0 0 0 1 0 0 6.837766 0
"bench_d3_two_sines.csv"	2	-0.18395264	1
1 1 -0.010861458 0.28706516 -0.9945 0.9975 3.7179118 0.06047626 0.066632323 0.020308985 2 0 0 0 0 1 0 0 6.837766 0
"bench_d3_two_sines.csv"	3	-0.18395264	1
1 1 -0.010861458 0.28706516 -0.9945 0.9975 3.7179118 0.06047626 0.066632323 0.020308985 2 0 0 0 0 1 0 0 6.837766 0
"bench_d3_two_sines.csv"	14	0.017306767	1
1 1 -0.010861458 0.28706516 -0.9945 0.9975 3.7179118 0.06047626 0.066632323 0.020308985 2 0 0 0 0 1 0 0 6.837766 0
"bench_d3_two_sines.csv"	4	0.0011875543	1
1 1 -0.010861458 0.28706516 -0.9945 0.9975 3.7179118 0.06047626 0.066632323 0.020308985 2 0 0 0 0 1 0 0 6.837766 0
"bench_d3_two_sines.csv"	11	-0.18395264	1
1 1 -0.010861458 0.28706516 -0.9945 0.9975 3.7179118 0.06047626 0.066632323 0.020308985 2 0 0 0 0 1 0 0 6.837766 0
"bench_d3_two_sines.csv"	23	-0.15077471	1
1 1 -0.010861458 0.28706516 -0.9945 0.9975 3.7179118 0.06047626 0.066632323 0.020308985 2 0 0 0 0 1 0 0 6.837766 0
"bench_d3_two_sines.csv"	23	-0.15077471	1
1 1 -0.010861458 0.28706516 -0.9945 0.9975 3.7179118 0.06047626 0.066632323 0.020308985 2 0 0 0 0 1 0 0 6.837766 0
"bench_d3_two_sines.csv"	1	-0.15077471	1
1 1 -0.010861458 0.28706516 -0.9945 0.9975 3.7179118 0.06047626 0.066632323 0.020308985 2 0 0 0 0 1 0 0 6.837766 0
"bench_d3_two_sines.csv"	3	-0.15077471	1
1 1 -0.010861458 0.28706516 -0.9945 0.9975 3.7179118 0.06047626 0.066632323 0.020308985 2 0 0 0 0 1 0 0 6.837766 0
"bench_d3_two_sines.csv"	2	-0.15077471	1
1 1 -0.010861458 0.28706516 -0.9945 0.9975 3.7179118 0.06047626 0.066632323 0.020308985 2 0 0 0 0 1 0 0 6.837766 0
"bench_d3_two_sines.csv"	4	-0.15077471	1
1 1 -0.010861458 0.28706516 -0.9945 0.9975 3.7179118 0.06047626 0.066632323 0.020308985 2 0 0 0 0 1 0 0 6.837766 0
"bench_d3_two_sines.csv"	11	0.0072621603	1
1 1 -0.010861458 0.28706516 -0.9945 0.9975 3.7179118 0.06047626 0.066632323 0.020308985 2 0 0 0 0 1 0 0 6.837766 0
"bench_d3_two_sines.csv"	23	-0.15081388	1
1 1 -0.010861458 0.28706516 -0.9945 0.9975 3.7179118 0.06047626 0.066632323 0.020308985 2 0 0 0 0 1 0 0 6.837766 0
"bench_d3_two_sines.csv"	23	-0.15081388	1
1 1 -0.010861458 0.28706516 -0.9945 0.9975 3.7179118 0.06047626 0.066632323 0.020308985 2 0 0 0 0 1 0 0 6.837766 0
"bench_d3_two_sines.csv"	1	-0.15081388	1
1 1 -0.010861458 0.28706516 -0.9945 0.9975 3.7179118 0.06047626 0.066632323 0.020308985 2 0 0 0 0 1 0 0 6.837766 0
"bench_d3_two_sines.csv"	3	-0.15081388	1
1 1 -0.010861458 0.28706516 -0.9945 0.9975 3.7179118 0.06047626 0.066632323 0.020308985 2 0 0 0 0 1 0 0 6.837766 0
"bench_d3_two_sines.csv"	2	-0.15081388	1
1 1 -0.010861458 0.28706516 -0.9945 0.9975 3.7179118 0.06047626 0.066632323 0.020308985 2 0 0 0 0 1 0 0 6.837766 0
"bench_d3_two_sines.csv"	4	-0.15081388	1
1 1 -0.010861458 0.28706516 -0.9945 0.9975 3.7179118 0.06047626 0.066632323 0.020308985 2 0 0 0 0 1 0 0 6.837766 0
"bench_d3_two_sines.csv"	11	0.0072153878	1
1 1 -0.010861458 0.28706516 -0.9945 0.9975 3.7179118 0.06047626 0.066632323 0.020308985 2 0 0 0 0 1 0 0 6.837766 0
"bench_d3_two_sines.csv"	21	-0.15082331	1
1 1 -0.010861458 0.28706516 -0.9945 0.9975 3.7179118 0.06047626 0.066632323 0.020308985 2 0 0 0 0 1 0 0 6.837766 0
"bench_d3_two_sines.csv"	23	-0.15082331	1
1 1 -0.010861458 0.28706516 -0.9945 0.9975 3.7179118 0.06047626 0.066632323 0.020308985 2 0 0 0 0 1 0 0 6.837766 0
"bench_d3_two_sines.csv"	23	-0.15082331	1
1 1 -0.010861458 0.28706516 -0.9945 0.9975 3.7179118 0.06047626 0.066632323 0.020308985 2 0 0 0 0 1 0 0 6.837766 0
"bench_d3_two_sines.csv"	1	-0.15082331	1
1 1 -0.010861458 0.28706516 -0.9945 0.9975 3.7179118 0.06047626 0.066632323 0.020308985 2 0 0 0 0 1 0 0 6.837766 0
"bench_d3_two_sines.csv"	12	-0.15082331	1
1 1 -0.010861458 0.28706516 -0.9945 0.9975 3.7179118 0.06047626 0.066632323 0.020308985 2 0 0 0 0 1 0 0 6.837766 0
"bench_d3_two_sines.csv"	3	-0.15082331	1
1 1 -0.010861458 0.28706516 -0.9945 0.9975 3.7179118 0.06047626 0.066632323 0.020308985 2 0 0 0 0 1 0 0 6.837766 0
"bench_d3_two_sines.csv"	2	-0.15082331	1
1 1 -0.010861458 0.28706516 -0.9945 0.9975 3.7179118 0.06047626 0.066632323 0.020308985 2 0 0 0 0 1 0 0 6.837766 0
"bench_d3_two_sines.csv"	14	0.019598344	1
1 1 -0.010861458 0.28706516 -0.9945 0.9975 3.7179118 0.06047626 0.066632323 0.020308985 2 0 0 0 0 1 0 0 6.837766 0
"bench_d3_two_sines.csv"	4	0.022844725	1
1 1 -0.010861458 0.28706516 -0.9945 0.9975 3.7179118 0.06047626 0.066632323 0.020308985 2 0 0 0 0 1 0 0 6.837766 0
"bench_d3_two_sines.csv"	11	-0.15082331	1
1 1 -0.010861458 0.28706516 -0.9945 0.9975 3.7179118 0.06047626 0.066632323 0.020308985 2 0 0 0 0 1 0 0 6.837766 0
"bench_d3_two_sines.csv"	11	0.0072052909	1
1 1 -0.010861458 0.28706516 -0.9945 0.9975 3.7179118 0.06047626 0.066632323 0.020308985 2 0 0 0 0 1 0 0 6.837766 0
"bench_d3_two_sines.csv"	23	-0.15085478	1
1 1 -0.010861458 0.28706516 -0.9945 0.9975 3.7179118 0.06047626 0.066632323 0.020308985 2 0 0 0 0 1 0 0 6.837766 0
"bench_d3_two_sines.csv"	23	-0.15085478	1
1 1 -0.010861458 0.28706516 -0.9945 0.9975 3.7179118 0.06047626 0.066632323 0.020308985 2 0 0 0 0 1 0 0 6.837766 0
"bench_d3_two_sines.csv"	1	-0.15085478	1
1 1 -0.010861458 0.28706516 -0.9945 0.9975 3.7179118 0.06047626 0.066632323 0.020308985 2 0 0 0 0 1 0 0 6.837766 0
"bench_d3_two_sines.csv"	3	-0.15085478	1
1 1 -0.010861458 0.28706516 -0.9945 0.9975 3.7179118 0.06047626 0.066632323 0.020308985 2 0 0 0 0 1 0 0 6.837766 0
"bench_d3_two_sines.csv"	2	-0.15085478	1
1 1 -0.010861458 0.28706516 -0.9945 0.9975 3.7179118 0.06047626 0.066632323 0.020308985 2 0 0 0 0 1 0 0 6.837766 0
"bench_d3_two_sines.csv"	4	-0.15085478	1
1 1 -0.010861458 0.28706516 -0.9945 0.9975 3.7179118 0.06047626 0.066632323 0.020308985 2 0 0 0 0 1 0 0 6.837766 0
"bench_d3_two_sines.csv"	11	0.0071670676	1
1 1 -0.010861458 0.28706516 -0.9945 0.9975 3.7179118 0.06047626 0.066632323 0.020308985 2 0 0 0 0 1 0 0 6.837766 0
"bench_d3_two_sines.csv"	23	-0.15087118	1
1 1 -0.010861458 0.28706516 -0.9945 0.9975 3.7179118 0.06047626 0.066632323 0.020308985 2 0 0 0 0 1 0 0 6.837766 0
"bench_d3_two_sines.csv"	23	-0.15087118	1
1 1 -0.010861458 0.28706516 -0.9945 0.9975 3.7179118 0.06047626 0.066632323 0.020308985 2 0 0 0 0 1 0 0 6.837766 0
"bench_d3_two_sines.csv"	1	-0.15087118	1
1 1 -0.010861458 0.28706516 -0.9945 0.9975 3.7179118 0.06047626 0.066632323 0.020308985 2 0 0 0 0 1 0 0 6.837766 0
"bench_d3_two_sines.csv"	3	-0.15087118	1
1 1 -0.010861458 0.28706516 -0.9945 0.9975 3.7179118 0.06047626 0.066632323 0.020308985 2 0 0 0 0 1 0 0 6.837766 0
"bench_d3_two_sines.csv"	2	-0.15087118	1
1 1 -0.010861458 0.28706516 -0.9945 0.9975 3.7179118 0.06047626 0.066632323 0.020308985 2 0 0 0 0 1 0 0 6.837766 0
"bench_d3_two_sines.csv"	4	-0.15087118	1
1 1 -0.010861458 0.28706516 -0.9945 0.9975 3.7179118 0.06047626 0.066632323 0.020308985 2 0 0 0 0 1 0 0 6.837766 0
"bench_d3_two_sines.csv"	11	0.007148564	1
1 1 -0.010861458 0.28706516 -0.9945 0.9975 3.7179118 0.06047626 0.066632323 0.020308985 2 0 0 0 0 1 0 0 6.837766 0
"bench_d3_two_sines.csv"	23	-0.15111428	1
1 1 -0.010861458 0.28706516 -0.9945 0.9975 3.7179118 0.06047626 0.066632323 0.020308985 2 0 0 0 0 1 0 0 6.837766 0
"bench_d3_two_sines.csv"	23	-0.15111428	1
1 1 -0.010861458 0.28706516 -0.9945 0.9975 3.7179118 0.06047626 0.066632323 0.020308985 2 0 0 0 0 1 0 0 6.837766 0
"bench_d3_two_sines.csv"	1	-0.15111428	1
1 1 -0.010861458 0.28706516 -0.9945 0.9975 3.7179118 0.06047626 0.066632323 0.020308985 2 0 0 0 0 1 0 0 6.837766 0
"bench_d3_two_sines.csv"	3	-0.15111428	1
1 1 -0.010861458 0.28706516 -0.9945 0.9975 3.7179118 0.06047626 0.066632323 0.020308985 2 0 0 0 0 1 0 0 6.837766 0
"bench_d3_two_sines.csv"	2	-0.15111428	1
1 1 -0.010861458 0.28706516 -0.9945 0.9975 3.7179118 0.06047626 0.066632323 0.020308985 2 0 0 0 0 1 0 0 6.837766 0
"bench_d3_two_sines.csv"	4	-0.15111428	1
1 1 -0.010861458 0.28706516 -0.9945 0.9975 3.7179118 0.06047626 0.066632323 0.020308985 2 0 0 0 0 1 0 0 6.837766 0
"bench_d3_two_sines.csv"	11	0.0068503759	1
1 1 -0.010861458 0.28706516 -0.9945 0.9975 3.7179118 0.06047626 0.066632323 0.020308985 2 0 0 0 0 1 0 0 6.837766 0
"bench_d3_two_sines.csv"	23	-0.15113935	1
1 1 -0.010861458 0.28706516 -0.9945 0.9975 3.7179118 0.06047626 0.066632323 0.020308985 2 0 0 0 0 1 0 0 6.837766 0
"bench_d3_two_sines.csv"	23	-0.15113935	1
1 1 -0.010861458 0.28706516 -0.9945 0.9975 3.7179118 0.06047626 0.066632323 0.020308985 2 0 0 0 0 1 0 0 6.837766 0
"bench_d3_two_sines.csv"	1	-0.15113935	1
1 1 -0.010861458 0.28706516 -0.9945 0.9975 3.7179118 0.06047626 0.066632323 0.020308985 2 0 0 0 0 1 0 0 6.837766 0
"bench_d3_two_sines.csv"	3	-0.15113935	1
1 1 -0.010861458 0.28706516 -0.9945 0.9975 3.7179118 0.06047626 0.066632323 0.020308985 2 0 0 0 0 1 0 0 6.837766 0
"bench_d3_two_sines.csv"	2	-0.15113935	1
1 1 -0.010861458 0.28706516 -0.9945 0.9975 3.7179118 0.06047626 0.066632323 0.020308985 2 0 0 0 0 1 0 0 6.837766 0
"bench_d3_two_sines.csv"	4	-0.15113935	1
1 1 -0.010861458 0.28706516 -0.9945 0.9975 3.7179118 0.06047626 0.066632323 0.020308985 2 0 0 0 0 1 0 0 6.837766 0
"bench_d3_two_sines.csv"	11	0.0068184972	1
1 1 -0.010861458 0.28706516 -0.9945 0.9975 3.7179118 0.06047626 0.066632323 0.020308985 2 0 0 0 0 1 0 0 6.837766 0
"bench_d3_two_sines.csv"	23	-0.15116433	1
1 1 -0.010861458 0.28706516 -0.9945 0.9975 3.7179118 0.06047626 0.066632323 0.020308985 2 0 0 0 0 1 0 0 6.837766 0
"bench_d3_two_sines.csv"	23	-0.15116433	1
1 1 -0.010861458 0.28706516 -0.9945 0.9975 3.7179118 0.06047626 0.066632323 0.020308985 2 0 0 0 0 1 0 0 6.837766 0
"bench_d3_two_sines.csv"	1	-0.15116433	1
1 1 -0.010861458 0.28706516 -0.9945 0.9975 3.7179118 0.06047626 0.066632323 0.020308985 2 0 0 0 0 1 0 0 6.837766 0
"bench_d3_two_sines.csv"	3	-0.15116433	1
1 1 -0.010861458 0.28706516 -0.9945 0.9975 3.7179118 0.06047626 0.066632323 0.020308985 2 0 0 0 0 1 0 0 6.837766 0
"bench_d3_two_sines.csv"	2	-0.15116433	1
1 1 -0.010861458 0.28706516 -0.9945 0.9975 3.7179118 0.06047626 0.066632323 0.020308985 2 0 0 0 0 1 0 0 6.837766 0
"bench_d3_two_sines.csv"	4	-0.15116433	1
1 1 -0.010861458 0.28706516 -0.9945 0.9975 3.7179118 0.06047626 0.066632323 0.020308985 2 0 0 0 0 1 0 0 6.837766 0
"bench_d3_two_sines.csv"	11	0.0067868881	1
1 1 -0.010861458 0.28706516 -0.9945 0.9975 3.7179118 0.06047626 0.066632323 0.020308985 2 0 0 0 0 1 0 0 6.837766 0
"bench_d3_two_sines.csv"	23	-0.15118961	1
1 1 -0.010861458 0.28706516 -0.9945 0.9975 3.7179118 0.06047626 0.066632323 0.020308985 2 0 0 0 0 1 0 0 6.837766 0
"bench_d3_two_sines.csv"	23	-0.15118961	1
1 1 -0.010861458 0.28706516 -0.9945 0.9975 3.7179118 0.06047626 0.066632323 0.020308985 2 0 0 0 0 1 0 0 6.837766 0
"bench_d3_two_sines.csv"	1	-0.15118961	1
1 1 -0.010861458 0.28706516 -0.9945 0.9975 3.7179118 0.06047626 0.066632323 0.020308985 2 0 0 0 0 1 0 0 6.837766 0
"bench_d3_two_sines.csv"	3	-0.15118961	1
1 1 -0.010861458 0.28706516 -0.9945 0.9975 3.7179118 0.06047626 0.066632323 0.020308985 2 0 0 0 0 1 0 0 6.837766 0
"bench_d3_two_sines.csv"	2	-0.15118961	1
1 1 -0.010861458 0.28706516 -0.9945 0.9975 3.7179118 0.06047626 0.066632323 0.020308985 2 0 0 0 0 1 0 0 6.837766 0
"bench_d3_two_sines.csv"	4	-0.15118961	1
1 1 -0.010861458 0.28706516 -0.9945 0.9975 3.7179118 0.06047626 0.066632323 0.020308985 2 0 0 0 0 1 0 0 6.837766 0
"bench_d3_two_sines.csv"	11	0.0067544444	1
1 1 -0.010861458 0.28706516 -0.9945 0.9975 3.7179118 0.06047626 0.066632323 0.020308985 2 0 0 0 0 1 0 0 6.837766 0
"bench_d3_two_sines.csv"	23	-0.15121493	1
1 1 -0.010861458 0.28706516 -0.9945 0.9975 3.7179118 0.06047626 0.066632323 0.020308985 2 0 0 0 0 1 0 0 6.837766 0
"bench_d3_two_sines.csv"	23	-0.15121493	1
1 1 -0.010861458 0.28706516 -0.9945 0.9975 3.7179118 0.06047626 0.066632323 0.020308985 2 0 0 0 0 1 0 0 6.837766 0
"bench_d3_two_sines.csv"	1	-0.15121493	1
1 1 -0.010861458 0.28706516 -0.9945 0.9975 3.7179118 0.06047626 0.066632323 0.020308985 2 0 0 0 0 1 0 0 6.837766 0
"bench_d3_two_sines.csv"	3	-0.15121493	1
1 1 -0.010861458 0.28706516 -0.9945 0.9975 3.7179118 0.06047626 0.066632323 0.020308985 2 0 0 0 0 1 0 0 6.837766 0
"bench_d3_two_sines.csv"	2	-0.15121493	1
1 1 -0.010861458 0.28706516 -0.9945 0.9975 3.7179118 0.06047626 0.066632323 0.020308985 2 0 0 0 0 1 0 0 6.837766 0
"bench_d3_two_sines.csv"	4	-0.15121493	1
1 1 -0.010861458 0.28706516 -0.9945 0.9975 3.7179118 0.06047626 0.066632323 0.020308985 2 0 0 0 0 1 0 0 6.837766 0
"bench_d3_two_sines.csv"	11	0.0067220094	1
1 1 -0.010861458 0.28706516 -0.9945 0.9975 3.7179118 0.06047626 0.066632323 0.020308985 2 0 0 0 0 1 0 0 6.837766 0
