"bench_hetero3.csv"	3	0.00013490842
1 1 1.4239754 10.811493 -4.922015 6.953457 3.6116698 1 2 7.164235e-10 2 0 0 0 0 1 0 0 2.0134228 0
"bench_hetero3.csv"	1	-0.51175841
1 1 1.4239754 10.811493 -4.922015 6.953457 3.6116698 1 2 7.164235e-10 2 0 0 0 0 1 0 0 2.0134228 0
"bench_hetero3.csv"	12	-0.51175841
1 1 1.4239754 10.811493 -4.922015 6.953457 3.6116698 1 2 7.164235e-10 2 0 0 0 0 1 0 0 2.0134228 0
"bench_hetero3.csv"	4	0.00014047246
1 1 1.4239754 10.811493 -4.922015 6.953457 3.6116698 1 2 7.164235e-10 2 0 0 0 0 1 0 0 2.0134228 0
"bench_hetero3.csv"	21	-0.51175841
1 1 1.4239754 10.811493 -4.922015 6.953457 3.6116698 1 2 7.164235e-10 2 0 0 0 0 1 0 0 2.0134228 0
"bench_hetero3.csv"	12	0.022270701
1 1 -0.045361096 0.50923543 -0.999975 0.999994 2.8026183 0.028358164 0.070407524 0.0096722582 2 0 0 0 0 1 0 0 2.9994483 0
"bench_hetero3.csv"	3	0.00081353505
1 1 1.4239754 10.811493 -4.922015 6.953457 3.6116698 1 2 7.164235e-10 2 0 0 0 0 1 0 0 2.0134228 0
"bench_hetero3.csv"	1	0.025020882
1 1 1.4239754 10.811493 -4.922015 6.953457 3.6116698 1 2 7.164235e-10 2 0 0 0 0 1 0 0 2.0134228 0
"bench_hetero3.csv"	12	-0.45008902
1 1 1.4239754 10.811493 -4.922015 6.953457 3.6116698 1 2 7.164235e-10 2 0 0 0 0 1 0 0 2.0134228 0
"bench_hetero3.csv"	21	0.065381633
1 1 1.4239754 10.811493 -4.922015 6.953457 3.6116698 1 2 7.164235e-10 2 0 0 0 0 1 0 0 2.0134228 0
"bench_hetero3.csv"	2	0.00014478359
1 1 1.4239754 10.811493 -4.922015 6.953457 3.6116698 1 2 7.164235e-10 2 0 0 0 0 1 0 0 2.0134228 0
"bench_hetero3.csv"	3	-0.45001184
1 1 1.4239754 10.811493 -4.922015 6.953457 3.6116698 1 2 7.164235e-10 2 0 0 0 0 1 0 0 2.0134228 0
"bench_hetero3.csv"	1	0.0024725018
1 1 1.4239754 10.811493 -4.922015 6.953457 3.6116698 1 2 7.164235e-10 2 0 0 0 0 1 0 0 2.0134228 0
"bench_hetero3.csv"	4	0.0010943626
1 1 1.4239754 10.811493 -4.922015 6.953457 3.6116698 1 2 7.164235e-10 2 0 0 0 0 1 0 0 2.0134228 0
"bench_hetero3.csv"	2	0.00036832856
1 1 1.4239754 10.811493 -4.922015 6.953457 3.6116698 1 2 7.164235e-10 2 0 0 0 0 1 0 0 2.0134228 0
"bench_hetero3.csv"	3	0.048487608
1 1 1.4239754 10.811493 -4.922015 6.953457 3.6116698 1 2 7.164235e-10 2 0 0 0 0 1 0 0 2.0134228 0
"bench_hetero3.csv"	3	0.0001235635
1 1 1.4239754 10.811493 -4.922015 6.953457 3.6116698 1 2 7.164235e-10 2 0 0 0 0 1 0 0 2.0134228 0
"bench_hetero3.csv"	1	0.00034294455
1 1 1.4239754 10.811493 -4.922015 6.953457 3.6116698 1 2 7.164235e-10 2 0 0 0 0 1 0 0 2.0134228 0
"bench_hetero3.csv"	4	6.3254967e-06
1 1 1.4239754 10.811493 -4.922015 6.953457 3.6116698 1 2 7.164235e-10 2 0 0 0 0 1 0 0 2.0134228 0
"bench_hetero3.csv"	2	0.00064377989
1 1 1.4239754 10.811493 -4.922015 6.953457 3.6116698 1 2 7.164235e-10 2 0 0 0 0 1 0 0 2.0134228 0
"bench_hetero3.csv"	3	0.054588212
1 1 1.4239754 10.811493 -4.922015 6.953457 3.6116698 1 2 7.164235e-10 2 0 0 0 0 1 0 0 2.0134228 0
"bench_hetero3.csv"	1	0.022815994
1 1 1.4239754 10.811493 -4.922015 6.953457 3.6116698 1 2 7.164235e-10 2 0 0 0 0 1 0 0 2.0134228 0
"bench_hetero3.csv"	4	0.00023602463
1 1 1.4239754 10.811493 -4.922015 6.953457 3.6116698 1 2 7.164235e-10 2 0 0 0 0 1 0 0 2.0134228 0
"bench_hetero3.csv"	2	6.519601e-05
1 1 1.4239754 10.811493 -4.922015 6.953457 3.6116698 1 2 7.164235e-10 2 0 0 0 0 1 0 0 2.0134228 0
"bench_hetero3.csv"	3	0.048342067
1 1 1.4239754 10.811493 -4.922015 6.953457 3.6116698 1 2 7.164235e-10 2 0 0 0 0 1 0 0 2.0134228 0
"bench_hetero3.csv"	1	0.013540484
1 1 1.4239754 10.811493 -4.922015 6.953457 3.6116698 1 2 7.164235e-10 2 0 0 0 0 1 0 0 2.0134228 0
"bench_hetero3.csv"	3	0.0021117026
1 1 1.4239754 10.811493 -4.922015 6.953457 3.6116698 1 2 7.164235e-10 2 0 0 0 0 1 0 0 2.0134228 0
"bench_hetero3.csv"	1	0.0092430016
1 1 1.4239754 10.811493 -4.922015 6.953457 3.6116698 1 2 7.164235e-10 2 0 0 0 0 1 0 0 2.0134228 0
"bench_hetero3.csv"	3	9.2555708e-05
1 1 1.4239754 10.811493 -4.922015 6.953457 3.6116698 1 2 7.164235e-10 2 0 0 0 0 1 0 0 2.0134228 0
"bench_hetero3.csv"	1	0.0025457286
1 1 1.4239754 10.811493 -4.922015 6.953457 3.6116698 1 2 7.164235e-10 2 0 0 0 0 1 0 0 2.0134228 0
"bench_hetero3.csv"	12	-0.44987316
1 1 1.4239754 10.811493 -4.922015 6.953457 3.6116698 1 2 7.164235e-10 2 0 0 0 0 1 0 0 2.0134228 0
"bench_hetero3.csv"	4	5.6586705e-06
1 1 1.4239754 10.811493 -4.922015 6.953457 3.6116698 1 2 7.164235e-10 2 0 0 0 0 1 0 0 2.0134228 0
"bench_hetero3.csv"	21	-0.44987316
1 1 1.4239754 10.811493 -4.922015 6.953457 3.6116698 1 2 7.164235e-10 2 0 0 0 0 1 0 0 2.0134228 0
"bench_hetero3.csv"	2	6.5061777e-05
1 1 1.4239754 10.811493 -4.922015 6.953457 3.6116698 1 2 7.164235e-10 2 0 0 0 0 1 0 0 2.0134228 0
"bench_hetero3.csv"	3	0.0004367248
1 1 1.4239754 10.811493 -4.922015 6.953457 3.6116698 1 2 7.164235e-10 2 0 0 0 0 1 0 0 2.0134228 0
"bench_hetero3.csv"	1	0.00021333745
1 1 1.4239754 10.811493 -4.922015 6.953457 3.6116698 1 2 7.164235e-10 2 0 0 0 0 1 0 0 2.0134228 0
"bench_hetero3.csv"	1	0.00024347869
1 1 1.4239754 10.811493 -4.922015 6.953457 3.6116698 1 2 7.164235e-10 2 0 0 0 0 1 0 0 2.0134228 0
"bench_hetero3.csv"	3	1.9327091e-05
1 1 1.4239754 10.811493 -4.922015 6.953457 3.6116698 1 2 7.164235e-10 2 0 0 0 0 1 0 0 2.0134228 0
"bench_hetero3.csv"	1	0.0040593054
1 1 1.4239754 10.811493 -4.922015 6.953457 3.6116698 1 2 7.164235e-10 2 0 0 0 0 1 0 0 2.0134228 0
"bench_hetero3.csv"	12	-0.44987421
1 1 1.4239754 10.811493 -4.922015 6.953457 3.6116698 1 2 7.164235e-10 2 0 0 0 0 1 0 0 2.0134228 0
"bench_hetero3.csv"	4	0.00012801555
1 1 1.4239754 10.811493 -4.922015 6.953457 3.6116698 1 2 7.164235e-10 2 0 0 0 0 1 0 0 2.0134228 0
"bench_hetero3.csv"	21	0.020652646
1 1 1.4239754 10.811493 -4.922015 6.953457 3.6116698 1 2 7.164235e-10 2 0 0 0 0 1 0 0 2.0134228 0
"bench_hetero3.csv"	2	0.00040066795
1 1 1.4239754 10.811493 -4.922015 6.953457 3.6116698 1 2 7.164235e-10 2 0 0 0 0 1 0 0 2.0134228 0
"bench_hetero3.csv"	3	1.4930268e-05
1 1 1.4239754 10.811493 -4.922015 6.953457 3.6116698 1 2 7.164235e-10 2 0 0 0 0 1 0 0 2.0134228 0
"bench_hetero3.csv"	1	-0.4499803
1 1 1.4239754 10.811493 -4.922015 6.953457 3.6116698 1 2 7.164235e-10 2 0 0 0 0 1 0 0 2.0134228 0
"bench_hetero3.csv"	2	0.00037697641
1 1 1.4239754 10.811493 -4.922015 6.953457 3.6116698 1 2 7.164235e-10 2 0 0 0 0 1 0 0 2.0134228 0
"bench_hetero3.csv"	3	9.6893792e-05
1 1 1.4239754 10.811493 -4.922015 6.953457 3.6116698 1 2 7.164235e-10 2 0 0 0 0 1 0 0 2.0134228 0
"bench_hetero3.csv"	1	0.035310907
1 1 1.4239754 10.811493 -4.922015 6.953457 3.6116698 1 2 7.164235e-10 2 0 0 0 0 1 0 0 2.0134228 0
"bench_hetero3.csv"	3	0.00014037331
1 1 1.4239754 10.811493 -4.922015 6.953457 3.6116698 1 2 7.164235e-10 2 0 0 0 0 1 0 0 2.0134228 0
"bench_hetero3.csv"	1	0.00041428859
1 1 1.4239754 10.811493 -4.922015 6.953457 3.6116698 1 2 7.164235e-10 2 0 0 0 0 1 0 0 2.0134228 0
"bench_hetero3.csv"	12	-0.44988
1 1 1.4239754 10.811493 -4.922015 6.953457 3.6116698 1 2 7.164235e-10 2 0 0 0 0 1 0 0 2.0134228 0
"bench_hetero3.csv"	21	1.2441641e-05
1 1 1.4239754 10.811493 -4.922015 6.953457 3.6116698 1 2 7.164235e-10 2 0 0 0 0 1 0 0 2.0134228 0
"bench_hetero3.csv"	2	3.5640608e-06
1 1 1.4239754 10.811493 -4.922015 6.953457 3.6116698 1 2 7.164235e-10 2 0 0 0 0 1 0 0 2.0134228 0
"bench_hetero3.csv"	3	0.001103284
1 1 1.4239754 10.811493 -4.922015 6.953457 3.6116698 1 2 7.164235e-10 2 0 0 0 0 1 0 0 2.0134228 0
"bench_hetero3.csv"	1	4.8624542e-05
1 1 1.4239754 10.811493 -4.922015 6.953457 3.6116698 1 2 7.164235e-10 2 0 0 0 0 1 0 0 2.0134228 0
"bench_hetero3.csv"	2	0.00098821867
1 1 1.4239754 10.811493 -4.922015 6.953457 3.6116698 1 2 7.164235e-10 2 0 0 0 0 1 0 0 2.0134228 0
"bench_hetero3.csv"	3	0.00027732509
1 1 1.4239754 10.811493 -4.922015 6.953457 3.6116698 1 2 7.164235e-10 2 0 0 0 0 1 0 0 2.0134228 0
"bench_hetero3.csv"	1	0.00018415012
1 1 1.4239754 10.811493 -4.922015 6.953457 3.6116698 1 2 7.164235e-10 2 0 0 0 0 1 0 0 2.0134228 0
"bench_hetero3.csv"	2	0.00021485448
1 1 1.4239754 10.811493 -4.922015 6.953457 3.6116698 1 2 7.164235e-10 2 0 0 0 0 1 0 0 2.0134228 0
"bench_hetero3.csv"	1	0.0034295514
1 1 1.4239754 10.811493 -4.922015 6.953457 3.6116698 1 2 7.164235e-10 2 0 0 0 0 1 0 0 2.0134228 0
"bench_hetero3.csv"	3	0.00082819588
1 1 1.4239754 10.811493 -4.922015 6.953457 3.6116698 1 2 7.164235e-10 2 0 0 0 0 1 0 0 2.0134228 0
"bench_hetero3.csv"	1	0.0017669664
1 1 1.4239754 10.811493 -4.922015 6.953457 3.6116698 1 2 7.164235e-10 2 0 0 0 0 1 0 0 2.0134228 0
"bench_hetero3.csv"	12	-0.449874
1 1 1.4239754 10.811493 -4.922015 6.953457 3.6116698 1 2 7.164235e-10 2 0 0 0 0 1 0 0 2.0134228 0
"bench_hetero3.csv"	21	0.00055644426
1 1 1.4239754 10.811493 -4.922015 6.953457 3.6116698 1 2 7.164235e-10 2 0 0 0 0 1 0 0 2.0134228 0
"bench_hetero3.csv"	2	0.0018364254
1 1 1.4239754 10.811493 -4.922015 6.953457 3.6116698 1 2 7.164235e-10 2 0 0 0 0 1 0 0 2.0134228 0
"bench_hetero3.csv"	3	1.7782074e-05
1 1 1.4239754 10.811493 -4.922015 6.953457 3.6116698 1 2 7.164235e-10 2 0 0 0 0 1 0 0 2.0134228 0
"bench_hetero3.csv"	2	0.00026822504
1 1 1.4239754 10.811493 -4.922015 6.953457 3.6116698 1 2 7.164235e-10 2 0 0 0 0 1 0 0 2.0134228 0
"bench_hetero3.csv"	3	1.800248e-05
1 1 1.4239754 10.811493 -4.922015 6.953457 3.6116698 1 2 7.164235e-10 2 0 0 0 0 1 0 0 2.0134228 0
"bench_hetero3.csv"	2	0.00021059977
1 1 1.4239754 10.811493 -4.922015 6.953457 3.6116698 1 2 7.164235e-10 2 0 0 0 0 1 0 0 2.0134228 0
"bench_hetero3.csv"	3	0.00020948097
1 1 1.4239754 10.811493 -4.922015 6.953457 3.6116698 1 2 7.164235e-10 2 0 0 0 0 1 0 0 2.0134228 0
"bench_hetero3.csv"	1	0.0033953803
1 1 1.4239754 10.811493 -4.922015 6.953457 3.6116698 1 2 7.164235e-10 2 0 0 0 0 1 0 0 2.0134228 0
"bench_hetero3.csv"	2	9.5058898e-05
1 1 1.4239754 10.811493 -4.922015 6.953457 3.6116698 1 2 7.164235e-10 2 0 0 0 0 1 0 0 2.0134228 0
"bench_hetero3.csv"	3	0.00019708648
1 1 1.4239754 10.811493 -4.922015 6.953457 3.6116698 1 2 7.164235e-10 2 0 0 0 0 1 0 0 2.0134228 0
"bench_hetero3.csv"	1	0.004601647
1 1 1.4239754 10.811493 -4.922015 6.953457 3.6116698 1 2 7.164235e-10 2 0 0 0 0 1 0 0 2.0134228 0
"bench_hetero3.csv"	2	9.3698721e-06
1 1 1.4239754 10.811493 -4.922015 6.953457 3.6116698 1 2 7.164235e-10 2 0 0 0 0 1 0 0 2.0134228 0
"bench_hetero3.csv"	3	0.00027742867
1 1 1.4239754 10.811493 -4.922015 6.953457 3.6116698 1 2 7.164235e-10 2 0 0 0 0 1 0 0 2.0134228 0
"bench_hetero3.csv"	1	0.0037021969
1 1 1.4239754 10.811493 -4.922015 6.953457 3.6116698 1 2 7.164235e-10 2 0 0 0 0 1 0 0 2.0134228 0
"bench_hetero3.csv"	12	-0.44987422
1 1 1.4239754 10.811493 -4.922015 6.953457 3.6116698 1 2 7.164235e-10 2 0 0 0 0 1 0 0 2.0134228 0
"bench_hetero3.csv"	21	0.0010762717
1 1 1.4239754 10.811493 -4.922015 6.953457 3.6116698 1 2 7.164235e-10 2 0 0 0 0 1 0 0 2.0134228 0
"bench_hetero3.csv"	2	4.0220482e-06
1 1 1.4239754 10.811493 -4.922015 6.953457 3.6116698 1 2 7.164235e-10 2 0 0 0 0 1 0 0 2.0134228 0
"bench_hetero3.csv"	3	0.0002285415
1 1 1.4239754 10.811493 -4.922015 6.953457 3.6116698 1 2 7.164235e-10 2 0 0 0 0 1 0 0 2.0134228 0
"bench_hetero3.csv"	1	0.00027759585
1 1 1.4239754 10.811493 -4.922015 6.953457 3.6116698 1 2 7.164235e-10 2 0 0 0 0 1 0 0 2.0134228 0
"bench_hetero3.csv"	2	6.415758e-05
1 1 1.4239754 10.811493 -4.922015 6.953457 3.6116698 1 2 7.164235e-10 2 0 0 0 0 1 0 0 2.0134228 0
"bench_hetero3.csv"	3	1.1594618e-05
1 1 1.4239754 10.811493 -4.922015 6.953457 3.6116698 1 2 7.164235e-10 2 0 0 0 0 1 0 0 2.0134228 0
"bench_hetero3.csv"	3	0.00012992871
1 1 1.4239754 10.811493 -4.922015 6.953457 3.6116698 1 2 7.164235e-10 2 0 0 0 0 1 0 0 2.0134228 0
"bench_hetero3.csv"	1	0.0029296473
1 1 1.4239754 10.811493 -4.922015 6.953457 3.6116698 1 2 7.164235e-10 2 0 0 0 0 1 0 0 2.0134228 0
"bench_hetero3.csv"	2	0.00021725318
1 1 1.4239754 10.811493 -4.922015 6.953457 3.6116698 1 2 7.164235e-10 2 0 0 0 0 1 0 0 2.0134228 0
"bench_hetero3.csv"	3	0.00021211568
1 1 1.4239754 10.811493 -4.922015 6.953457 3.6116698 1 2 7.164235e-10 2 0 0 0 0 1 0 0 2.0134228 0
"bench_hetero3.csv"	1	0.001523238
1 1 1.4239754 10.811493 -4.922015 6.953457 3.6116698 1 2 7.164235e-10 2 0 0 0 0 1 0 0 2.0134228 0
"bench_hetero3.csv"	3	5.3987222e-06
1 1 1.4239754 10.811493 -4.922015 6.953457 3.6116698 1 2 7.164235e-10 2 0 0 0 0 1 0 0 2.0134228 0
"bench_hetero3.csv"	1	0.006637188
1 1 1.4239754 10.811493 -4.922015 6.953457 3.6116698 1 2 7.164235e-10 2 0 0 0 0 1 0 0 2.0134228 0
"bench_hetero3.csv"	2	0.00010446787
1 1 1.4239754 10.811493 -4.922015 6.953457 3.6116698 1 2 7.164235e-10 2 0 0 0 0 1 0 0 2.0134228 0
"bench_hetero3.csv"	3	5.3987222e-06
1 1 1.4239754 10.811493 -4.922015 6.953457 3.6116698 1 2 7.164235e-10 2 0 0 0 0 1 0 0 2.0134228 0
"bench_hetero3.csv"	1	1.7231266e-05
1 1 1.4239754 10.811493 -4.922015 6.953457 3.6116698 1 2 7.164235e-10 2 0 0 0 0 1 0 0 2.0134228 0
"bench_hetero3.csv"	2	1.1531931e-05
1 1 1.4239754 10.811493 -4.922015 6.953457 3.6116698 1 2 7.164235e-10 2 0 0 0 0 1 0 0 2.0134228 0
"bench_hetero3.csv"	3	5.3987222e-06
1 1 1.4239754 10.811493 -4.922015 6.953457 3.6116698 1 2 7.164235e-10 2 0 0 0 0 1 0 0 2.0134228 0
"bench_hetero3.csv"	12	-0.44986864
1 1 1.4239754 10.811493 -4.922015 6.953457 3.6116698 1 2 7.164235e-10 2 0 0 0 0 1 0 0 2.0134228 0
"bench_hetero3.csv"	21	5.4904451e-06
1 1 1.4239754 10.811493 -4.922015 6.953457 3.6116698 1 2 7.164235e-10 2 0 0 0 0 1 0 0 2.0134228 0
"bench_hetero3.csv"	2	1.2033219e-05
1 1 1.4239754 10.811493 -4.922015 6.953457 3.6116698 1 2 7.164235e-10 2 0 0 0 0 1 0 0 2.0134228 0
"bench_hetero3.csv"	3	1.1807399e-05
1 1 1.4239754 10.811493 -4.922015 6.953457 3.6116698 1 2 7.164235e-10 2 0 0 0 0 1 0 0 2.0134228 0
"bench_hetero3.csv"	2	9.3913196e-05
1 1 1.4239754 10.811493 -4.922015 6.953457 3.6116698 1 2 7.164235e-10 2 0 0 0 0 1 0 0 2.0134228 0
"bench_hetero3.csv"	2	2.6878831e-06
1 1 1.4239754 10.811493 -4.922015 6.953457 3.6116698 1 2 7.164235e-10 2 0 0 0 0 1 0 0 2.0134228 0
"bench_stripes20.csv"	1	-0.24622444
1 1 0.53333333 0.24888889 0 1 2.0044593 0.017581119 0.12007965 0.01218416 2 0 0 0 0 1 1 1 460.19328 0
"bench_stripes20.csv"	2	5.4512339e-06
1 1 0.53333333 0.24888889 0 1 2.0044593 0.017581119 0.12007965 0.01218416 2 0 0 0 0 1 1 1 460.19328 0
"bench_stripes20.csv"	5	5.8014527e-06
1 1 0.53333333 0.24888889 0 1 2.0044593 0.017581119 0.12007965 0.01218416 2 0 0 0 0 1 1 1 460.19328 0
"bench_stripes20.csv"	4	5.8014527e-06
1 1 0.53333333 0.24888889 0 1 2.0044593 0.017581119 0.12007965 0.01218416 2 0 0 0 0 1 1 1 460.19328 0
"bench_stripes20.csv"	3	5.3268837e-06
1 1 0.53333333 0.24888889 0 1 2.0044593 0.017581119 0.12007965 0.01218416 2 0 0 0 0 1 1 1 460.19328 0
"bench_stripes20.csv"	2	0.0023026784
1 1 0.53333333 0.24888889 0 1 2.0044593 0.017581119 0.12007965 0.01218416 2 0 0 0 0 1 1 1 460.19328 0
"bench_stripes20.csv"	4	0.000426674
1 1 0.53333333 0.24888889 0 1 2.0044593 0.017581119 0.12007965 0.01218416 2 0 0 0 0 1 1 1 460.19328 0
"bench_stripes20.csv"	3	3.3113414e-07
1 1 0.53333333 0.24888889 0 1 2.0044593 0.017581119 0.12007965 0.01218416 2 0 0 0 0 1 1 1 460.19328 0
"bench_stripes20.csv"	4	0.00011771206
1 1 0.53333333 0.24888889 0 1 2.0044593 0.017581119 0.12007965 0.01218416 2 0 0 0 0 1 1 1 460.19328 0
"bench_stripes20.csv"	3	0.00028320549
1 1 0.53333333 0.24888889 0 1 2.0044593 0.017581119 0.12007965 0.01218416 2 0 0 0 0 1 1 1 460.19328 0
"bench_stripes20.csv"	2	0.00021840096
1 1 0.53333333 0.24888889 0 1 2.0044593 0.017581119 0.12007965 0.01218416 2 0 0 0 0 1 1 1 460.19328 0
"bench_stripes20.csv"	5	3.3766857e-05
1 1 0.53333333 0.24888889 0 1 2.0044593 0.017581119 0.12007965 0.01218416 2 0 0 0 0 1 1 1 460.19328 0
"bench_stripes20.csv"	4	0.0024461631
1 1 0.53333333 0.24888889 0 1 2.0044593 0.017581119 0.12007965 0.01218416 2 0 0 0 0 1 1 1 460.19328 0
"bench_stripes20.csv"	21	0.0060881447
1 1 0.53333333 0.24888889 0 1 2.0044593 0.017581119 0.12007965 0.01218416 2 0 0 0 0 1 1 1 460.19328 0
"bench_stripes20.csv"	2	0.0048688085
1 1 0.53333333 0.24888889 0 1 2.0044593 0.017581119 0.12007965 0.01218416 2 0 0 0 0 1 1 1 460.19328 0
"bench_stripes20.csv"	12	0.0059564838
1 1 0.53333333 0.24888889 0 1 2.0044593 0.017581119 0.12007965 0.01218416 2 0 0 0 0 1 1 1 460.19328 0
"bench_stripes20.csv"	5	0.0034082289
1 1 0.53333333 0.24888889 0 1 2.0044593 0.017581119 0.12007965 0.01218416 2 0 0 0 0 1 1 1 460.19328 0
"bench_stripes20.csv"	14	0.0056229794
1 1 0.53333333 0.24888889 0 1 2.0044593 0.017581119 0.12007965 0.01218416 2 0 0 0 0 1 1 1 460.19328 0
"bench_stripes20.csv"	4	0.0050891814
1 1 0.53333333 0.24888889 0 1 2.0044593 0.017581119 0.12007965 0.01218416 2 0 0 0 0 1 1 1 460.19328 0
"bench_stripes20.csv"	3	0.0027013525
1 1 0.53333333 0.24888889 0 1 2.0044593 0.017581119 0.12007965 0.01218416 2 0 0 0 0 1 1 1 460.19328 0
"bench_stripes20.csv"	5	0.0040830326
1 1 0.53333333 0.24888889 0 1 2.0044593 0.017581119 0.12007965 0.01218416 2 0 0 0 0 1 1 1 460.19328 0
"bench_stripes20.csv"	4	0.0040830326
1 1 0.53333333 0.24888889 0 1 2.0044593 0.017581119 0.12007965 0.01218416 2 0 0 0 0 1 1 1 460.19328 0
"bench_stripes20.csv"	3	0.0039246501
1 1 0.53333333 0.24888889 0 1 2.0044593 0.017581119 0.12007965 0.01218416 2 0 0 0 0 1 1 1 460.19328 0
"bench_stripes20.csv"	1	0.011715571
1 1 0.53333333 0.24888889 0 1 2.0044593 0.017581119 0.12007965 0.01218416 2 0 0 0 0 1 1 1 460.19328 0
"bench_stripes20.csv"	5	0.0012962166
1 1 0.53333333 0.24888889 0 1 2.0044593 0.017581119 0.12007965 0.01218416 2 0 0 0 0 1 1 1 460.19328 0
"bench_stripes20.csv"	4	0.0014724883
1 1 0.53333333 0.24888889 0 1 2.0044593 0.017581119 0.12007965 0.01218416 2 0 0 0 0 1 1 1 460.19328 0
"bench_stripes20.csv"	3	0.0013821123
1 1 0.53333333 0.24888889 0 1 2.0044593 0.017581119 0.12007965 0.01218416 2 0 0 0 0 1 1 1 460.19328 0
"bench_stripes20.csv"	5	0.00020266991
1 1 0.53333333 0.24888889 0 1 2.0044593 0.017581119 0.12007965 0.01218416 2 0 0 0 0 1 1 1 460.19328 0
"bench_stripes20.csv"	4	0.00064395226
1 1 0.53333333 0.24888889 0 1 2.0044593 0.017581119 0.12007965 0.01218416 2 0 0 0 0 1 1 1 460.19328 0
"bench_stripes20.csv"	5	7.357656e-06
1 1 0.53333333 0.24888889 0 1 2.0044593 0.017581119 0.12007965 0.01218416 2 0 0 0 0 1 1 1 460.19328 0
"bench_stripes20.csv"	4	4.7575858e-05
1 1 0.53333333 0.24888889 0 1 2.0044593 0.017581119 0.12007965 0.01218416 2 0 0 0 0 1 1 1 460.19328 0
"bench_stripes20.csv"	21	0.0029896291
1 1 0.53333333 0.24888889 0 1 2.0044593 0.017581119 0.12007965 0.01218416 2 0 0 0 0 1 1 1 460.19328 0
"bench_stripes20.csv"	4	9.9301123e-05
1 1 0.53333333 0.24888889 0 1 2.0044593 0.017581119 0.12007965 0.01218416 2 0 0 0 0 1 1 1 460.19328 0
"bench_stripes20.csv"	3	0.0004523245
1 1 0.53333333 0.24888889 0 1 2.0044593 0.017581119 0.12007965 0.01218416 2 0 0 0 0 1 1 1 460.19328 0
"bench_stripes20.csv"	1	0.00051993783
1 1 0.53333333 0.24888889 0 1 2.0044593 0.017581119 0.12007965 0.01218416 2 0 0 0 0 1 1 1 460.19328 0
"bench_stripes20.csv"	23	0.0050741989
1 1 0.53333333 0.24888889 0 1 2.0044593 0.017581119 0.12007965 0.01218416 2 0 0 0 0 1 1 1 460.19328 0
"bench_stripes20.csv"	23	0.0050741989
1 1 0.53333333 0.24888889 0 1 2.0044593 0.017581119 0.12007965 0.01218416 2 0 0 0 0 1 1 1 460.19328 0
"bench_stripes20.csv"	1	0.00016559017
1 1 0.53333333 0.24888889 0 1 2.0044593 0.017581119 0.12007965 0.01218416 2 0 0 0 0 1 1 1 460.19328 0
"bench_stripes20.csv"	4	0.00058139219
1 1 0.53333333 0.24888889 0 1 2.0044593 0.017581119 0.12007965 0.01218416 2 0 0 0 0 1 1 1 460.19328 0
"bench_stripes20.csv"	11	0.0047322889
1 1 0.53333333 0.24888889 0 1 2.0044593 0.017581119 0.12007965 0.01218416 2 0 0 0 0 1 1 1 460.19328 0
"bench_stripes20.csv"	3	0.00016999805
1 1 0.53333333 0.24888889 0 1 2.0044593 0.017581119 0.12007965 0.01218416 2 0 0 0 0 1 1 1 460.19328 0
"bench_stripes20.csv"	11	0.004940452
1 1 0.53333333 0.24888889 0 1 2.0044593 0.017581119 0.12007965 0.01218416 2 0 0 0 0 1 1 1 460.19328 0
"bench_stripes20.csv"	3	0.002712281
1 1 0.53333333 0.24888889 0 1 2.0044593 0.017581119 0.12007965 0.01218416 2 0 0 0 0 1 1 1 460.19328 0
"bench_stripes20.csv"	23	0.011218989
1 1 0.53333333 0.24888889 0 1 2.0044593 0.017581119 0.12007965 0.01218416 2 0 0 0 0 1 1 1 460.19328 0
"bench_stripes20.csv"	23	0.011218989
1 1 0.53333333 0.24888889 0 1 2.0044593 0.017581119 0.12007965 0.01218416 2 0 0 0 0 1 1 1 460.19328 0
"bench_stripes20.csv"	4	0.00089163837
1 1 0.53333333 0.24888889 0 1 2.0044593 0.017581119 0.12007965 0.01218416 2 0 0 0 0 1 1 1 460.19328 0
"bench_stripes20.csv"	11	0.010009829
1 1 0.53333333 0.24888889 0 1 2.0044593 0.017581119 0.12007965 0.01218416 2 0 0 0 0 1 1 1 460.19328 0
"bench_stripes20.csv"	3	0.012107279
1 1 0.53333333 0.24888889 0 1 2.0044593 0.017581119 0.12007965 0.01218416 2 0 0 0 0 1 1 1 460.19328 0
"bench_stripes20.csv"	23	0.011110297
1 1 0.53333333 0.24888889 0 1 2.0044593 0.017581119 0.12007965 0.01218416 2 0 0 0 0 1 1 1 460.19328 0
"bench_stripes20.csv"	4	0.015145373
1 1 0.53333333 0.24888889 0 1 2.0044593 0.017581119 0.12007965 0.01218416 2 0 0 0 0 1 1 1 460.19328 0
"bench_stripes20.csv"	3	0.00039299938
1 1 0.53333333 0.24888889 0 1 2.0044593 0.017581119 0.12007965 0.01218416 2 0 0 0 0 1 1 1 460.19328 0
"bench_stripes20.csv"	4	0.015137237
1 1 0.53333333 0.24888889 0 1 2.0044593 0.017581119 0.12007965 0.01218416 2 0 0 0 0 1 1 1 460.19328 0
"bench_stripes20.csv"	3	0.00028831303
1 1 0.53333333 0.24888889 0 1 2.0044593 0.017581119 0.12007965 0.01218416 2 0 0 0 0 1 1 1 460.19328 0
"bench_stripes20.csv"	4	0.015131122
1 1 0.53333333 0.24888889 0 1 2.0044593 0.017581119 0.12007965 0.01218416 2 0 0 0 0 1 1 1 460.19328 0
"bench_stripes20.csv"	3	0.00029654103
1 1 0.53333333 0.24888889 0 1 2.0044593 0.017581119 0.12007965 0.01218416 2 0 0 0 0 1 1 1 460.19328 0
"bench_stripes20.csv"	4	0.015375928
1 1 0.53333333 0.24888889 0 1 2.0044593 0.017581119 0.12007965 0.01218416 2 0 0 0 0 1 1 1 460.19328 0
"bench_stripes20.csv"	3	0.00049113336
1 1 0.53333333 0.24888889 0 1 2.0044593 0.017581119 0.12007965 0.01218416 2 0 0 0 0 1 1 1 460.19328 0
"bench_stripes20.csv"	4	0.015332499
1 1 0.53333333 0.24888889 0 1 2.0044593 0.017581119 0.12007965 0.01218416 2 0 0 0 0 1 1 1 460.19328 0
"bench_stripes20.csv"	3	0.00055647692
1 1 0.53333333 0.24888889 0 1 2.0044593 0.017581119 0.12007965 0.01218416 2 0 0 0 0 1 1 1 460.19328 0
"bench_stripes20.csv"	4	0.015577075
1 1 0.53333333 0.24888889 0 1 2.0044593 0.017581119 0.12007965 0.01218416 2 0 0 0 0 1 1 1 460.19328 0
"bench_stripes20.csv"	3	0.00049734363
1 1 0.53333333 0.24888889 0 1 2.0044593 0.017581119 0.12007965 0.01218416 2 0 0 0 0 1 1 1 460.19328 0
"bench_stripes20.csv"	4	0.015567522
1 1 0.53333333 0.24888889 0 1 2.0044593 0.017581119 0.12007965 0.01218416 2 0 0 0 0 1 1 1 460.19328 0
"bench_stripes20.csv"	3	0.00029756026
1 1 0.53333333 0.24888889 0 1 2.0044593 0.017581119 0.12007965 0.01218416 2 0 0 0 0 1 1 1 460.19328 0
"bench_stripes20.csv"	4	0.015509888
1 1 0.53333333 0.24888889 0 1 2.0044593 0.017581119 0.12007965 0.01218416 2 0 0 0 0 1 1 1 460.19328 0
"bench_stripes20.csv"	3	0.0002810783
1 1 0.53333333 0.24888889 0 1 2.0044593 0.017581119 0.12007965 0.01218416 2 0 0 0 0 1 1 1 460.19328 0
"bench_stripes20.csv"	4	0.015461193
1 1 0.53333333 0.24888889 0 1 2.0044593 0.017581119 0.12007965 0.01218416 2 0 0 0 0 1 1 1 460.19328 0
"bench_stripes20.csv"	3	2.5080876e-05
1 1 0.53333333 0.24888889 0 1 2.0044593 0.017581119 0.12007965 0.01218416 2 0 0 0 0 1 1 1 460.19328 0
"bench_stripes20.csv"	4	0.015600902
1 1 0.53333333 0.24888889 0 1 2.0044593 0.017581119 0.12007965 0.01218416 2 0 0 0 0 1 1 1 460.19328 0
"bench_stripes20.csv"	3	2.7423115e-05
1 1 0.53333333 0.24888889 0 1 2.0044593 0.017581119 0.12007965 0.01218416 2 0 0 0 0 1 1 1 460.19328 0
"bench_stripes20.csv"	4	0.015805116
1 1 0.53333333 0.24888889 0 1 2.0044593 0.017581119 0.12007965 0.01218416 2 0 0 0 0 1 1 1 460.19328 0
"bench_stripes20.csv"	3	0.00030091367
1 1 0.53333333 0.24888889 0 1 2.0044593 0.017581119 0.12007965 0.01218416 2 0 0 0 0 1 1 1 460.19328 0
"bench_stripes20.csv"	4	0.015708868
1 1 0.53333333 0.24888889 0 1 2.0044593 0.017581119 0.12007965 0.01218416 2 0 0 0 0 1 1 1 460.19328 0
"bench_stripes20.csv"	3	0.00026063532
1 1 0.53333333 0.24888889 0 1 2.0044593 0.017581119 0.12007965 0.01218416 2 0 0 0 0 1 1 1 460.19328 0
"bench_stripes20.csv"	4	0.015714527
1 1 0.53333333 0.24888889 0 1 2.0044593 0.017581119 0.12007965 0.01218416 2 0 0 0 0 1 1 1 460.19328 0
"bench_stripes20.csv"	3	0.00031983329
1 1 0.53333333 0.24888889 0 1 2.0044593 0.017581119 0.12007965 0.01218416 2 0 0 0 0 1 1 1 460.19328 0
"bench_stripes20.csv"	4	0.015652558
1 1 0.53333333 0.24888889 0 1 2.0044593 0.017581119 0.12007965 0.01218416 2 0 0 0 0 1 1 1 460.19328 0
"bench_stripes20.csv"	3	0.00012690345
1 1 0.53333333 0.24888889 0 1 2.0044593 0.017581119 0.12007965 0.01218416 2 0 0 0 0 1 1 1 460.19328 0
"bench_stripes20.csv"	4	0.015865613
1 1 0.53333333 0.24888889 0 1 2.0044593 0.017581119 0.12007965 0.01218416 2 0 0 0 0 1 1 1 460.19328 0
"bench_stripes20.csv"	3	0.00033123315
1 1 0.53333333 0.24888889 0 1 2.0044593 0.017581119 0.12007965 0.01218416 2 0 0 0 0 1 1 1 460.19328 0
"bench_stripes20.csv"	4	0.015826004
1 1 0.53333333 0.24888889 0 1 2.0044593 0.017581119 0.12007965 0.01218416 2 0 0 0 0 1 1 1 460.19328 0
"bench_stripes20.csv"	3	0.00017443198
1 1 0.53333333 0.24888889 0 1 2.0044593 0.017581119 0.12007965 0.01218416 2 0 0 0 0 1 1 1 460.19328 0
"bench_stripes20.csv"	4	0.015785076
1 1 0.53333333 0.24888889 0 1 2.0044593 0.017581119 0.12007965 0.01218416 2 0 0 0 0 1 1 1 460.19328 0
"bench_stripes20.csv"	3	0.00018526544
1 1 0.53333333 0.24888889 0 1 2.0044593 0.017581119 0.12007965 0.01218416 2 0 0 0 0 1 1 1 460.19328 0
"bench_stripes20.csv"	4	0.015829151
1 1 0.53333333 0.24888889 0 1 2.0044593 0.017581119 0.12007965 0.01218416 2 0 0 0 0 1 1 1 460.19328 0
"bench_stripes20.csv"	3	0.00018865877
1 1 0.53333333 0.24888889 0 1 2.0044593 0.017581119 0.12007965 0.01218416 2 0 0 0 0 1 1 1 460.19328 0
"bench_stripes20.csv"	4	0.01578802
1 1 0.53333333 0.24888889 0 1 2.0044593 0.017581119 0.12007965 0.01218416 2 0 0 0 0 1 1 1 460.19328 0
"bench_stripes20.csv"	3	0.00020547511
1 1 0.53333333 0.24888889 0 1 2.0044593 0.017581119 0.12007965 0.01218416 2 0 0 0 0 1 1 1 460.19328 0
"bench_stripes20.csv"	4	0.015940253
1 1 0.53333333 0.24888889 0 1 2.0044593 0.017581119 0.12007965 0.01218416 2 0 0 0 0 1 1 1 460.19328 0
"bench_stripes20.csv"	3	0.00020607224
1 1 0.53333333 0.24888889 0 1 2.0044593 0.017581119 0.12007965 0.01218416 2 0 0 0 0 1 1 1 460.19328 0
"bench_t23_quadratic.csv"	3	0.021660016
2 1 2.4221656 2.394831 0.0473 7.0514 4.5260037 1 8.646264e-06 1.0000031 4 1 1 1 0.050534603 0 1 1 39492 4 2.2997543 2.2274571 2.3144098 2.8240738
"bench_t23_quadratic.csv"	21	0.00022929815
2 1 2.4221656 2.394831 0.0473 7.0514 4.5260037 1 8.646264e-06 1.0000031 4 1 1 1 0.050534603 0 1 1 39492 4 2.2997543 2.2274571 2.3144098 2.8240738
"bench_t23_quadratic.csv"	2	0.0006891205
2 1 2.4221656 2.394831 0.0473 7.0514 4.5260037 1 8.646264e-06 1.0000031 4 1 1 1 0.050534603 0 1 1 39492 4 2.2997543 2.2274571 2.3144098 2.8240738
"bench_t23_quadratic.csv"	12	-0.035357587
2 1 2.4221656 2.394831 0.0473 7.0514 4.5260037 1 8.646264e-06 1.0000031 4 1 1 1 0.050534603 0 1 1 39492 4 2.2997543 2.2274571 2.3144098 2.8240738
"bench_t23_quadratic.csv"	1	-0.035357587
2 1 2.4221656 2.394831 0.0473 7.0514 4.5260037 1 8.646264e-06 1.0000031 4 1 1 1 0.050534603 0 1 1 39492 4 2.2997543 2.2274571 2.3144098 2.8240738
"bench_t31_three_way_product.csv"	18	0.056225783
3 1 -0.14099688 1.9621632 -4.0528 5.4421 6.7783319 0.06208793 0.10228858 0.15136283 8 1 0 2 0.07029128 0 1 0 20318 4 -0.049063636 -0.010702 -0.21811739 -0.33457742
"bench_t31_three_way_product.csv"	12	-1.8875027
3 1 -0.14099688 1.9621632 -4.0528 5.4421 6.7783319 0.06208793 0.10228858 0.15136283 8 1 0 2 0.07029128 0 1 0 20318 4 -0.049063636 -0.010702 -0.21811739 -0.33457742
"bench_t31_three_way_product.csv"	1	-1.8875027
3 1 -0.14099688 1.9621632 -4.0528 5.4421 6.7783319 0.06208793 0.10228858 0.15136283 8 1 0 2 0.07029128 0 1 0 20318 4 -0.049063636 -0.010702 -0.21811739 -0.33457742
"bench_t31_three_way_product.csv"	18	0.17730548
3 1 -0.14099688 1.9621632 -4.0528 5.4421 6.7783319 0.06208793 0.10228858 0.15136283 8 1 0 2 0.07029128 0 1 0 20318 4 -0.049063636 -0.010702 -0.21811739 -0.33457742
"bench_t31_three_way_product.csv"	4	0.045620365
3 1 -0.14099688 1.9621632 -4.0528 5.4421 6.7783319 0.06208793 0.10228858 0.15136283 8 1 0 2 0.07029128 0 1 0 20318 4 -0.049063636 -0.010702 -0.21811739 -0.33457742
"bench_t31_three_way_product.csv"	21	-0.6552382
3 1 -0.14099688 1.9621632 -4.0528 5.4421 6.7783319 0.06208793 0.10228858 0.15136283 8 1 0 2 0.07029128 0 1 0 20318 4 -0.049063636 -0.010702 -0.21811739 -0.33457742
"bench_t31_three_way_product.csv"	3	-0.6552382
3 1 -0.14099688 1.9621632 -4.0528 5.4421 6.7783319 0.06208793 0.10228858 0.15136283 8 1 0 2 0.07029128 0 1 0 20318 4 -0.049063636 -0.010702 -0.21811739 -0.33457742
"bench_t31_three_way_product.csv"	2	0.01720429
3 1 -0.14099688 1.9621632 -4.0528 5.4421 6.7783319 0.06208793 0.10228858 0.15136283 8 1 0 2 0.07029128 0 1 0 20318 4 -0.049063636 -0.010702 -0.21811739 -0.33457742
"bench_t31_three_way_product.csv"	12	-0.6552382
3 1 -0.14099688 1.9621632 -4.0528 5.4421 6.7783319 0.06208793 0.10228858 0.15136283 8 1 0 2 0.07029128 0 1 0 20318 4 -0.049063636 -0.010702 -0.21811739 -0.33457742
"bench_t31_three_way_product.csv"	1	-0.6552382
3 1 -0.14099688 1.9621632 -4.0528 5.4421 6.7783319 0.06208793 0.10228858 0.15136283 8 1 0 2 0.07029128 0 1 0 20318 4 -0.049063636 -0.010702 -0.21811739 -0.33457742
