"bench_stripes20.csv"	1	0.0099113938
1 1 0.45833333 0.24826389 0 1 2.0069808 0.03198888 0.081022683 0.22596882 2 1 0 0 0 1 1 1 411.35335 0
"bench_stripes20.csv"	2	8.0848733e-05
1 1 0.45833333 0.24826389 0 1 2.0069808 0.03198888 0.081022683 0.22596882 2 1 0 0 0 1 1 1 411.35335 0
"bench_stripes20.csv"	4	0.00090599353
1 1 0.45833333 0.24826389 0 1 2.0069808 0.03198888 0.081022683 0.22596882 2 1 0 0 0 1 1 1 411.35335 0
"bench_stripes20.csv"	3	4.5301037e-05
1 1 0.45833333 0.24826389 0 1 2.0069808 0.03198888 0.081022683 0.22596882 2 1 0 0 0 1 1 1 411.35335 0
"bench_stripes20.csv"	1	0.0016192604
1 1 0.45833333 0.24826389 0 1 2.0069808 0.03198888 0.081022683 0.22596882 2 1 0 0 0 1 1 1 411.35335 0
"bench_stripes20.csv"	5	0.00096057347
1 1 0.45833333 0.24826389 0 1 2.0069808 0.03198888 0.081022683 0.22596882 2 1 0 0 0 1 1 1 411.35335 0
"bench_stripes20.csv"	4	0.00023545642
1 1 0.45833333 0.24826389 0 1 2.0069808 0.03198888 0.081022683 0.22596882 2 1 0 0 0 1 1 1 411.35335 0
"bench_stripes20.csv"	3	0.00037676847
1 1 0.45833333 0.24826389 0 1 2.0069808 0.03198888 0.081022683 0.22596882 2 1 0 0 0 1 1 1 411.35335 0
"bench_stripes20.csv"	1	0.0024411489
1 1 0.45833333 0.24826389 0 1 2.0069808 0.03198888 0.081022683 0.22596882 2 1 0 0 0 1 1 1 411.35335 0
"bench_stripes20.csv"	5	0.00018890572
1 1 0.45833333 0.24826389 0 1 2.0069808 0.03198888 0.081022683 0.22596882 2 1 0 0 0 1 1 1 411.35335 0
"bench_stripes20.csv"	17	0.0054366168
1 1 0.45833333 0.24826389 0 1 2.0069808 0.03198888 0.081022683 0.22596882 2 1 0 0 0 1 1 1 411.35335 0
"bench_stripes20.csv"	1	0.0024718498
1 1 0.45833333 0.24826389 0 1 2.0069808 0.03198888 0.081022683 0.22596882 2 1 0 0 0 1 1 1 411.35335 0
"bench_stripes20.csv"	2	0.00010264357
1 1 0.45833333 0.24826389 0 1 2.0069808 0.03198888 0.081022683 0.22596882 2 1 0 0 0 1 1 1 411.35335 0
"bench_stripes20.csv"	12	0.0072044925
1 1 0.45833333 0.24826389 0 1 2.0069808 0.03198888 0.081022683 0.22596882 2 1 0 0 0 1 1 1 411.35335 0
"bench_stripes20.csv"	3	0.0071492057
1 1 0.45833333 0.24826389 0 1 2.0069808 0.03198888 0.081022683 0.22596882 2 1 0 0 0 1 1 1 411.35335 0
"bench_stripes20.csv"	11	0.0048627203
1 1 0.45833333 0.24826389 0 1 2.0069808 0.03198888 0.081022683 0.22596882 2 1 0 0 0 1 1 1 411.35335 0
"bench_stripes20.csv"	1	-0.22150997
1 1 0.45833333 0.24826389 0 1 2.0069808 0.03198888 0.081022683 0.22596882 2 1 0 0 0 1 1 1 411.35335 0
"bench_stripes20.csv"	2	0.0046524409
1 1 0.45833333 0.24826389 0 1 2.0069808 0.03198888 0.081022683 0.22596882 2 1 0 0 0 1 1 1 411.35335 0
"bench_stripes20.csv"	3	-0.22150997
1 1 0.45833333 0.24826389 0 1 2.0069808 0.03198888 0.081022683 0.22596882 2 1 0 0 0 1 1 1 411.35335 0
"bench_stripes20.csv"	11	0.0068777543
1 1 0.45833333 0.24826389 0 1 2.0069808 0.03198888 0.081022683 0.22596882 2 1 0 0 0 1 1 1 411.35335 0
"bench_stripes20.csv"	1	0.025761454
1 1 0.45833333 0.24826389 0 1 2.0069808 0.03198888 0.081022683 0.22596882 2 1 0 0 0 1 1 1 411.35335 0
"bench_stripes20.csv"	2	0.0040057492
1 1 0.45833333 0.24826389 0 1 2.0069808 0.03198888 0.081022683 0.22596882 2 1 0 0 0 1 1 1 411.35335 0
"bench_stripes20.csv"	5	-0.21491324
1 1 0.45833333 0.24826389 0 1 2.0069808 0.03198888 0.081022683 0.22596882 2 1 0 0 0 1 1 1 411.35335 0
"bench_stripes20.csv"	3	0.012826606
1 1 0.45833333 0.24826389 0 1 2.0069808 0.03198888 0.081022683 0.22596882 2 1 0 0 0 1 1 1 411.35335 0
"bench_stripes20.csv"	1	-0.21551217
1 1 0.45833333 0.24826389 0 1 2.0069808 0.03198888 0.081022683 0.22596882 2 1 0 0 0 1 1 1 411.35335 0
"bench_stripes20.csv"	2	0.026495819
1 1 0.45833333 0.24826389 0 1 2.0069808 0.03198888 0.081022683 0.22596882 2 1 0 0 0 1 1 1 411.35335 0
"bench_stripes20.csv"	3	-0.21551217
1 1 0.45833333 0.24826389 0 1 2.0069808 0.03198888 0.081022683 0.22596882 2 1 0 0 0 1 1 1 411.35335 0
"bench_stripes20.csv"	1	-0.21522432
1 1 0.45833333 0.24826389 0 1 2.0069808 0.03198888 0.081022683 0.22596882 2 1 0 0 0 1 1 1 411.35335 0
"bench_stripes20.csv"	2	0.025136437
1 1 0.45833333 0.24826389 0 1 2.0069808 0.03198888 0.081022683 0.22596882 2 1 0 0 0 1 1 1 411.35335 0
"bench_stripes20.csv"	5	-0.21522432
1 1 0.45833333 0.24826389 0 1 2.0069808 0.03198888 0.081022683 0.22596882 2 1 0 0 0 1 1 1 411.35335 0
"bench_stripes20.csv"	3	0.025946026
1 1 0.45833333 0.24826389 0 1 2.0069808 0.03198888 0.081022683 0.22596882 2 1 0 0 0 1 1 1 411.35335 0
