"bench_d3_two_sines.csv"	23	0.010888051
1 1 -0.016240104 0.28703882 -0.9945 0.9975 3.7180824 0.050123654 0.059007946 0.018409106 2 0 0 0 0 1 0 0 6.837766 0
"bench_d3_two_sines.csv"	23	0.010888051
1 1 -0.016240104 0.28703882 -0.9945 0.9975 3.7180824 0.050123654 0.059007946 0.018409106 2 0 0 0 0 1 0 0 6.837766 0
"bench_d3_two_sines.csv"	2	0.001406406
1 1 -0.016240104 0.28703882 -0.9945 0.9975 3.7180824 0.050123654 0.059007946 0.018409106 2 0 0 0 0 1 0 0 6.837766 0
"bench_d3_two_sines.csv"	12	0.010791278
1 1 -0.016240104 0.28703882 -0.9945 0.9975 3.7180824 0.050123654 0.059007946 0.018409106 2 0 0 0 0 1 0 0 6.837766 0
"bench_d3_two_sines.csv"	4	0.0041166541
1 1 -0.016240104 0.28703882 -0.9945 0.9975 3.7180824 0.050123654 0.059007946 0.018409106 2 0 0 0 0 1 0 0 6.837766 0
"bench_d3_two_sines.csv"	3	0.00075516128
1 1 -0.016240104 0.28703882 -0.9945 0.9975 3.7180824 0.050123654 0.059007946 0.018409106 2 0 0 0 0 1 0 0 6.837766 0
"bench_d3_two_sines.csv"	2	-0.2262803
1 1 -0.016240104 0.28703882 -0.9945 0.9975 3.7180824 0.050123654 0.059007946 0.018409106 2 0 0 0 0 1 0 0 6.837766 0
"bench_d3_two_sines.csv"	4	-0.2262803
1 1 -0.016240104 0.28703882 -0.9945 0.9975 3.7180824 0.050123654 0.059007946 0.018409106 2 0 0 0 0 1 0 0 6.837766 0
"bench_d3_two_sines.csv"	3	-0.2262803
1 1 -0.016240104 0.28703882 -0.9945 0.9975 3.7180824 0.050123654 0.059007946 0.018409106 2 0 0 0 0 1 0 0 6.837766 0
"bench_d3_two_sines.csv"	2	-0.22637373
1 1 -0.016240104 0.28703882 -0.9945 0.9975 3.7180824 0.050123654 0.059007946 0.018409106 2 0 0 0 0 1 0 0 6.837766 0
"bench_d3_two_sines.csv"	4	-0.22637373
1 1 -0.016240104 0.28703882 -0.9945 0.9975 3.7180824 0.050123654 0.059007946 0.018409106 2 0 0 0 0 1 0 0 6.837766 0
"bench_d3_two_sines.csv"	3	-0.22637373
1 1 -0.016240104 0.28703882 -0.9945 0.9975 3.7180824 0.050123654 0.059007946 0.018409106 2 0 0 0 0 1 0 0 6.837766 0
"bench_d3_two_sines.csv"	2	-0.226306
1 1 -0.016240104 0.28703882 -0.9945 0.9975 3.7180824 0.050123654 0.059007946 0.018409106 2 0 0 0 0 1 0 0 6.837766 0
"bench_d3_two_sines.csv"	4	-0.226306
1 1 -0.016240104 0.28703882 -0.9945 0.9975 3.7180824 0.050123654 0.059007946 0.018409106 2 0 0 0 0 1 0 0 6.837766 0
"bench_d3_two_sines.csv"	3	-0.226306
1 1 -0.016240104 0.28703882 -0.9945 0.9975 3.7180824 0.050123654 0.059007946 0.018409106 2 0 0 0 0 1 0 0 6.837766 0
"bench_d3_two_sines.csv"	2	-0.22614915
1 1 -0.016240104 0.28703882 -0.9945 0.9975 3.7180824 0.050123654 0.059007946 0.018409106 2 0 0 0 0 1 0 0 6.837766 0
"bench_d3_two_sines.csv"	4	-0.22614915
1 1 -0.016240104 0.28703882 -0.9945 0.9975 3.7180824 0.050123654 0.059007946 0.018409106 2 0 0 0 0 1 0 0 6.837766 0
"bench_d3_two_sines.csv"	3	-0.22614915
1 1 -0.016240104 0.28703882 -0.9945 0.9975 3.7180824 0.050123654 0.059007946 0.018409106 2 0 0 0 0 1 0 0 6.837766 0
"bench_d3_two_sines.csv"	2	-0.22232988
1 1 -0.016240104 0.28703882 -0.9945 0.9975 3.7180824 0.050123654 0.059007946 0.018409106 2 0 0 0 0 1 0 0 6.837766 0
"bench_d3_two_sines.csv"	4	-0.22232988
1 1 -0.016240104 0.28703882 -0.9945 0.9975 3.7180824 0.050123654 0.059007946 0.018409106 2 0 0 0 0 1 0 0 6.837766 0
"bench_d3_two_sines.csv"	3	-0.22232988
1 1 -0.016240104 0.28703882 -0.9945 0.9975 3.7180824 0.050123654 0.059007946 0.018409106 2 0 0 0 0 1 0 0 6.837766 0
"bench_d3_two_sines.csv"	2	-0.22179517
1 1 -0.016240104 0.28703882 -0.9945 0.9975 3.7180824 0.050123654 0.059007946 0.018409106 2 0 0 0 0 1 0 0 6.837766 0
"bench_d3_two_sines.csv"	4	-0.22179517
1 1 -0.016240104 0.28703882 -0.9945 0.9975 3.7180824 0.050123654 0.059007946 0.018409106 2 0 0 0 0 1 0 0 6.837766 0
"bench_d3_two_sines.csv"	3	-0.22179517
1 1 -0.016240104 0.28703882 -0.9945 0.9975 3.7180824 0.050123654 0.059007946 0.018409106 2 0 0 0 0 1 0 0 6.837766 0
"bench_d3_two_sines.csv"	2	-0.2212053
1 1 -0.016240104 0.28703882 -0.9945 0.9975 3.7180824 0.050123654 0.059007946 0.018409106 2 0 0 0 0 1 0 0 6.837766 0
"bench_d3_two_sines.csv"	4	-0.2212053
1 1 -0.016240104 0.28703882 -0.9945 0.9975 3.7180824 0.050123654 0.059007946 0.018409106 2 0 0 0 0 1 0 0 6.837766 0
"bench_d3_two_sines.csv"	3	-0.2212053
1 1 -0.016240104 0.28703882 -0.9945 0.9975 3.7180824 0.050123654 0.059007946 0.018409106 2 0 0 0 0 1 0 0 6.837766 0
"bench_d3_two_sines.csv"	2	-0.22196689
1 1 -0.016240104 0.28703882 -0.9945 0.9975 3.7180824 0.050123654 0.059007946 0.018409106 2 0 0 0 0 1 0 0 6.837766 0
"bench_d3_two_sines.csv"	4	-0.22196689
1 1 -0.016240104 0.28703882 -0.9945 0.9975 3.7180824 0.050123654 0.059007946 0.018409106 2 0 0 0 0 1 0 0 6.837766 0
"bench_d3_two_sines.csv"	3	-0.22196689
1 1 -0.016240104 0.28703882 -0.9945 0.9975 3.7180824 0.050123654 0.059007946 0.018409106 2 0 0 0 0 1 0 0 6.837766 0
"bench_d3_two_sines.csv"	2	-0.22135351
1 1 -0.016240104 0.28703882 -0.9945 0.9975 3.7180824 0.050123654 0.059007946 0.018409106 2 0 0 0 0 1 0 0 6.837766 0
"bench_d3_two_sines.csv"	4	-0.22135351
1 1 -0.016240104 0.28703882 -0.9945 0.9975 3.7180824 0.050123654 0.059007946 0.018409106 2 0 0 0 0 1 0 0 6.837766 0
"bench_d3_two_sines.csv"	3	-0.22135351
1 1 -0.016240104 0.28703882 -0.9945 0.9975 3.7180824 0.050123654 0.059007946 0.018409106 2 0 0 0 0 1 0 0 6.837766 0
"bench_d3_two_sines.csv"	2	-0.22190991
1 1 -0.016240104 0.28703882 -0.9945 0.9975 3.7180824 0.050123654 0.059007946 0.018409106 2 0 0 0 0 1 0 0 6.837766 0
"bench_d3_two_sines.csv"	4	-0.22190991
1 1 -0.016240104 0.28703882 -0.9945 0.9975 3.7180824 0.050123654 0.059007946 0.018409106 2 0 0 0 0 1 0 0 6.837766 0
"bench_d3_two_sines.csv"	3	-0.22190991
1 1 -0.016240104 0.28703882 -0.9945 0.9975 3.7180824 0.050123654 0.059007946 0.018409106 2 0 0 0 0 1 0 0 6.837766 0
"bench_d3_two_sines.csv"	2	-0.22210427
1 1 -0.016240104 0.28703882 -0.9945 0.9975 3.7180824 0.050123654 0.059007946 0.018409106 2 0 0 0 0 1 0 0 6.837766 0
"bench_d3_two_sines.csv"	4	-0.22210427
1 1 -0.016240104 0.28703882 -0.9945 0.9975 3.7180824 0.050123654 0.059007946 0.018409106 2 0 0 0 0 1 0 0 6.837766 0
"bench_d3_two_sines.csv"	3	-0.22210427
1 1 -0.016240104 0.28703882 -0.9945 0.9975 3.7180824 0.050123654 0.059007946 0.018409106 2 0 0 0 0 1 0 0 6.837766 0
"bench_d3_two_sines.csv"	2	-0.22132936
1 1 -0.016240104 0.28703882 -0.9945 0.9975 3.7180824 0.050123654 0.059007946 0.018409106 2 0 0 0 0 1 0 0 6.837766 0
"bench_d3_two_sines.csv"	4	-0.22132936
1 1 -0.016240104 0.28703882 -0.9945 0.9975 3.7180824 0.050123654 0.059007946 0.018409106 2 0 0 0 0 1 0 0 6.837766 0
"bench_d3_two_sines.csv"	3	-0.22132936
1 1 -0.016240104 0.28703882 -0.9945 0.9975 3.7180824 0.050123654 0.059007946 0.018409106 2 0 0 0 0 1 0 0 6.837766 0
"bench_d3_two_sines.csv"	2	-0.22173154
1 1 -0.016240104 0.28703882 -0.9945 0.9975 3.7180824 0.050123654 0.059007946 0.018409106 2 0 0 0 0 1 0 0 6.837766 0
"bench_d3_two_sines.csv"	4	-0.22173154
1 1 -0.016240104 0.28703882 -0.9945 0.9975 3.7180824 0.050123654 0.059007946 0.018409106 2 0 0 0 0 1 0 0 6.837766 0
"bench_d3_two_sines.csv"	3	-0.22173154
1 1 -0.016240104 0.28703882 -0.9945 0.9975 3.7180824 0.050123654 0.059007946 0.018409106 2 0 0 0 0 1 0 0 6.837766 0
"bench_d3_two_sines.csv"	2	-0.22186092
1 1 -0.016240104 0.28703882 -0.9945 0.9975 3.7180824 0.050123654 0.059007946 0.018409106 2 0 0 0 0 1 0 0 6.837766 0
"bench_d3_two_sines.csv"	4	-0.22186092
1 1 -0.016240104 0.28703882 -0.9945 0.9975 3.7180824 0.050123654 0.059007946 0.018409106 2 0 0 0 0 1 0 0 6.837766 0
"bench_d3_two_sines.csv"	3	-0.22186092
1 1 -0.016240104 0.28703882 -0.9945 0.9975 3.7180824 0.050123654 0.059007946 0.018409106 2 0 0 0 0 1 0 0 6.837766 0
"bench_d3_two_sines.csv"	2	-0.22139647
1 1 -0.016240104 0.28703882 -0.9945 0.9975 3.7180824 0.050123654 0.059007946 0.018409106 2 0 0 0 0 1 0 0 6.837766 0
"bench_d3_two_sines.csv"	4	-0.22139647
1 1 -0.016240104 0.28703882 -0.9945 0.9975 3.7180824 0.050123654 0.059007946 0.018409106 2 0 0 0 0 1 0 0 6.837766 0
"bench_d3_two_sines.csv"	3	-0.22139647
1 1 -0.016240104 0.28703882 -0.9945 0.9975 3.7180824 0.050123654 0.059007946 0.018409106 2 0 0 0 0 1 0 0 6.837766 0
"bench_d3_two_sines.csv"	2	-0.22213819
1 1 -0.016240104 0.28703882 -0.9945 0.9975 3.7180824 0.050123654 0.059007946 0.018409106 2 0 0 0 0 1 0 0 6.837766 0
"bench_d3_two_sines.csv"	4	-0.22213819
1 1 -0.016240104 0.28703882 -0.9945 0.9975 3.7180824 0.050123654 0.059007946 0.018409106 2 0 0 0 0 1 0 0 6.837766 0
"bench_d3_two_sines.csv"	3	-0.22213819
1 1 -0.016240104 0.28703882 -0.9945 0.9975 3.7180824 0.050123654 0.059007946 0.018409106 2 0 0 0 0 1 0 0 6.837766 0
"bench_d3_two_sines.csv"	2	-0.22152606
1 1 -0.016240104 0.28703882 -0.9945 0.9975 3.7180824 0.050123654 0.059007946 0.018409106 2 0 0 0 0 1 0 0 6.837766 0
"bench_d3_two_sines.csv"	4	-0.22152606
1 1 -0.016240104 0.28703882 -0.9945 0.9975 3.7180824 0.050123654 0.059007946 0.018409106 2 0 0 0 0 1 0 0 6.837766 0
"bench_d3_two_sines.csv"	3	-0.22152606
1 1 -0.016240104 0.28703882 -0.9945 0.9975 3.7180824 0.050123654 0.059007946 0.018409106 2 0 0 0 0 1 0 0 6.837766 0
"bench_d3_two_sines.csv"	2	-0.22273225
1 1 -0.016240104 0.28703882 -0.9945 0.9975 3.7180824 0.050123654 0.059007946 0.018409106 2 0 0 0 0 1 0 0 6.837766 0
"bench_d3_two_sines.csv"	4	-0.22273225
1 1 -0.016240104 0.28703882 -0.9945 0.9975 3.7180824 0.050123654 0.059007946 0.018409106 2 0 0 0 0 1 0 0 6.837766 0
"bench_d3_two_sines.csv"	3	-0.22273225
1 1 -0.016240104 0.28703882 -0.9945 0.9975 3.7180824 0.050123654 0.059007946 0.018409106 2 0 0 0 0 1 0 0 6.837766 0
"bench_d3_two_sines.csv"	2	-0.22174597
1 1 -0.016240104 0.28703882 -0.9945 0.9975 3.7180824 0.050123654 0.059007946 0.018409106 2 0 0 0 0 1 0 0 6.837766 0
"bench_d3_two_sines.csv"	4	-0.22174597
1 1 -0.016240104 0.28703882 -0.9945 0.9975 3.7180824 0.050123654 0.059007946 0.018409106 2 0 0 0 0 1 0 0 6.837766 0
"bench_d3_two_sines.csv"	3	-0.22174597
1 1 -0.016240104 0.28703882 -0.9945 0.9975 3.7180824 0.050123654 0.059007946 0.018409106 2 0 0 0 0 1 0 0 6.837766 0
"bench_d3_two_sines.csv"	2	-0.2208405
1 1 -0.016240104 0.28703882 -0.9945 0.9975 3.7180824 0.050123654 0.059007946 0.018409106 2 0 0 0 0 1 0 0 6.837766 0
"bench_d3_two_sines.csv"	4	-0.2208405
1 1 -0.016240104 0.28703882 -0.9945 0.9975 3.7180824 0.050123654 0.059007946 0.018409106 2 0 0 0 0 1 0 0 6.837766 0
"bench_d3_two_sines.csv"	3	-0.2208405
1 1 -0.016240104 0.28703882 -0.9945 0.9975 3.7180824 0.050123654 0.059007946 0.018409106 2 0 0 0 0 1 0 0 6.837766 0
"bench_d3_two_sines.csv"	2	-0.22256987
1 1 -0.016240104 0.28703882 -0.9945 0.9975 3.7180824 0.050123654 0.059007946 0.018409106 2 0 0 0 0 1 0 0 6.837766 0
"bench_d3_two_sines.csv"	4	-0.22256987
1 1 -0.016240104 0.28703882 -0.9945 0.9975 3.7180824 0.050123654 0.059007946 0.018409106 2 0 0 0 0 1 0 0 6.837766 0
"bench_d3_two_sines.csv"	3	-0.22256987
1 1 -0.016240104 0.28703882 -0.9945 0.9975 3.7180824 0.050123654 0.059007946 0.018409106 2 0 0 0 0 1 0 0 6.837766 0
"bench_d3_two_sines.csv"	2	-0.22179453
1 1 -0.016240104 0.28703882 -0.9945 0.9975 3.7180824 0.050123654 0.059007946 0.018409106 2 0 0 0 0 1 0 0 6.837766 0
"bench_d3_two_sines.csv"	4	-0.22179453
1 1 -0.016240104 0.28703882 -0.9945 0.9975 3.7180824 0.050123654 0.059007946 0.018409106 2 0 0 0 0 1 0 0 6.837766 0
"bench_d3_two_sines.csv"	3	-0.22179453
1 1 -0.016240104 0.28703882 -0.9945 0.9975 3.7180824 0.050123654 0.059007946 0.018409106 2 0 0 0 0 1 0 0 6.837766 0
"bench_d3_two_sines.csv"	2	-0.2201856
1 1 -0.016240104 0.28703882 -0.9945 0.9975 3.7180824 0.050123654 0.059007946 0.018409106 2 0 0 0 0 1 0 0 6.837766 0
"bench_d3_two_sines.csv"	4	-0.2201856
1 1 -0.016240104 0.28703882 -0.9945 0.9975 3.7180824 0.050123654 0.059007946 0.018409106 2 0 0 0 0 1 0 0 6.837766 0
"bench_d3_two_sines.csv"	3	-0.2201856
1 1 -0.016240104 0.28703882 -0.9945 0.9975 3.7180824 0.050123654 0.059007946 0.018409106 2 0 0 0 0 1 0 0 6.837766 0
"bench_d3_two_sines.csv"	2	-0.2217225
1 1 -0.016240104 0.28703882 -0.9945 0.9975 3.7180824 0.050123654 0.059007946 0.018409106 2 0 0 0 0 1 0 0 6.837766 0
"bench_d3_two_sines.csv"	4	-0.2217225
1 1 -0.016240104 0.28703882 -0.9945 0.9975 3.7180824 0.050123654 0.059007946 0.018409106 2 0 0 0 0 1 0 0 6.837766 0
"bench_d3_two_sines.csv"	3	-0.2217225
1 1 -0.016240104 0.28703882 -0.9945 0.9975 3.7180824 0.050123654 0.059007946 0.018409106 2 0 0 0 0 1 0 0 6.837766 0
"bench_d3_two_sines.csv"	2	-0.2221928
1 1 -0.016240104 0.28703882 -0.9945 0.9975 3.7180824 0.050123654 0.059007946 0.018409106 2 0 0 0 0 1 0 0 6.837766 0
"bench_d3_two_sines.csv"	4	-0.2221928
1 1 -0.016240104 0.28703882 -0.9945 0.9975 3.7180824 0.050123654 0.059007946 0.018409106 2 0 0 0 0 1 0 0 6.837766 0
"bench_d3_two_sines.csv"	3	-0.2221928
1 1 -0.016240104 0.28703882 -0.9945 0.9975 3.7180824 0.050123654 0.059007946 0.018409106 2 0 0 0 0 1 0 0 6.837766 0
"bench_d3_two_sines.csv"	2	-0.22233461
1 1 -0.016240104 0.28703882 -0.9945 0.9975 3.7180824 0.050123654 0.059007946 0.018409106 2 0 0 0 0 1 0 0 6.837766 0
"bench_d3_two_sines.csv"	4	-0.22233461
1 1 -0.016240104 0.28703882 -0.9945 0.9975 3.7180824 0.050123654 0.059007946 0.018409106 2 0 0 0 0 1 0 0 6.837766 0
"bench_d3_two_sines.csv"	3	-0.22233461
1 1 -0.016240104 0.28703882 -0.9945 0.9975 3.7180824 0.050123654 0.059007946 0.018409106 2 0 0 0 0 1 0 0 6.837766 0
"bench_d3_two_sines.csv"	2	-0.22242372
1 1 -0.016240104 0.28703882 -0.9945 0.9975 3.7180824 0.050123654 0.059007946 0.018409106 2 0 0 0 0 1 0 0 6.837766 0
"bench_d3_two_sines.csv"	4	-0.22242372
1 1 -0.016240104 0.28703882 -0.9945 0.9975 3.7180824 0.050123654 0.059007946 0.018409106 2 0 0 0 0 1 0 0 6.837766 0
"bench_d3_two_sines.csv"	3	-0.22242372
1 1 -0.016240104 0.28703882 -0.9945 0.9975 3.7180824 0.050123654 0.059007946 0.018409106 2 0 0 0 0 1 0 0 6.837766 0
"bench_d3_two_sines.csv"	2	-0.22209569
1 1 -0.016240104 0.28703882 -0.9945 0.9975 3.7180824 0.050123654 0.059007946 0.018409106 2 0 0 0 0 1 0 0 6.837766 0
"bench_d3_two_sines.csv"	4	-0.22209569
1 1 -0.016240104 0.28703882 -0.9945 0.9975 3.7180824 0.050123654 0.059007946 0.018409106 2 0 0 0 0 1 0 0 6.837766 0
"bench_d3_two_sines.csv"	3	-0.22209569
1 1 -0.016240104 0.28703882 -0.9945 0.9975 3.7180824 0.050123654 0.059007946 0.018409106 2 0 0 0 0 1 0 0 6.837766 0
"bench_d3_two_sines.csv"	2	-0.22254845
1 1 -0.016240104 0.28703882 -0.9945 0.9975 3.7180824 0.050123654 0.059007946 0.018409106 2 0 0 0 0 1 0 0 6.837766 0
"bench_d3_two_sines.csv"	4	-0.22254845
1 1 -0.016240104 0.28703882 -0.9945 0.9975 3.7180824 0.050123654 0.059007946 0.018409106 2 0 0 0 0 1 0 0 6.837766 0
"bench_d3_two_sines.csv"	3	-0.22254845
1 1 -0.016240104 0.28703882 -0.9945 0.9975 3.7180824 0.050123654 0.059007946 0.018409106 2 0 0 0 0 1 0 0 6.837766 0
"bench_d3_two_sines.csv"	2	-0.2222273
1 1 -0.016240104 0.28703882 -0.9945 0.9975 3.7180824 0.050123654 0.059007946 0.018409106 2 0 0 0 0 1 0 0 6.837766 0
"bench_d3_two_sines.csv"	4	-0.2222273
1 1 -0.016240104 0.28703882 -0.9945 0.9975 3.7180824 0.050123654 0.059007946 0.018409106 2 0 0 0 0 1 0 0 6.837766 0
"bench_d3_two_sines.csv"	3	-0.2222273
1 1 -0.016240104 0.28703882 -0.9945 0.9975 3.7180824 0.050123654 0.059007946 0.018409106 2 0 0 0 0 1 0 0 6.837766 0
"bench_d7_multiout.csv"	1	-0.081309184
1 1 -0.014156875 0.34220909 -0.9989 0.9986 3.4146093 1 1 0 0 0 0 0 0 1 0 0 1 0
"bench_d7_multiout.csv"	12	-0.081309184
1 1 -0.014156875 0.34220909 -0.9989 0.9986 3.4146093 1 1 0 0 0 0 0 0 1 0 0 1 0
"bench_d7_multiout.csv"	21	0.0030032236
1 1 -0.014156875 0.34220909 -0.9989 0.9986 3.4146093 1 1 0 0 0 0 0 0 1 0 0 1 0
"bench_d7_multiout.csv"	3	-0.080767714
1 1 -0.013864375 0.27874218 -0.8409 0.8407 3.1850874 0.99780023 0.90157662 0.0059597746 2 0 0 0 0 1 0 0 1.0714286 0
"bench_d7_multiout.csv"	1	-0.080767714
1 1 -0.013864375 0.27874218 -0.8409 0.8407 3.1850874 0.99780023 0.90157662 0.0059597746 2 0 0 0 0 1 0 0 1.0714286 0
"bench_d7_multiout.csv"	12	-0.080767714
1 1 -0.013864375 0.27874218 -0.8409 0.8407 3.1850874 0.99780023 0.90157662 0.0059597746 2 0 0 0 0 1 0 0 1.0714286 0
"bench_d7_multiout.csv"	21	6.0989945e-05
1 1 -0.013864375 0.27874218 -0.8409 0.8407 3.1850874 0.99780023 0.90157662 0.0059597746 2 0 0 0 0 1 0 0 1.0714286 0
"bench_d7_multiout.csv"	4	1.0826588e-05
1 1 -0.013864375 0.27874218 -0.8409 0.8407 3.1850874 0.99780023 0.90157662 0.0059597746 2 0 0 0 0 1 0 0 1.0714286 0
"bench_d7_multiout.csv"	2	2.1952581e-05
1 1 -0.013864375 0.27874218 -0.8409 0.8407 3.1850874 0.99780023 0.90157662 0.0059597746 2 0 0 0 0 1 0 0 1.0714286 0
"bench_d7_multiout.csv"	3	-0.0807448
1 1 0.34241437 0.092526997 0 0.9977 3.2799388 0.99999998 3.1214461e-06 1.0000211 2 1 0 0 0 1 0 1 2 0
"bench_d7_multiout.csv"	3	0.00027525161
1 1 -0.014156875 0.34220909 -0.9989 0.9986 3.4146093 1 1 0 0 0 0 0 0 1 0 0 1 0
"bench_d7_multiout.csv"	1	-0.080978111
1 1 -0.014156875 0.34220909 -0.9989 0.9986 3.4146093 1 1 0 0 0 0 0 0 1 0 0 1 0
"bench_d7_multiout.csv"	2	0.0066883447
1 1 -0.014156875 0.34220909 -0.9989 0.9986 3.4146093 1 1 0 0 0 0 0 0 1 0 0 1 0
"bench_d7_multiout.csv"	3	1.5952324e-05
1 1 -0.014156875 0.34220909 -0.9989 0.9986 3.4146093 1 1 0 0 0 0 0 0 1 0 0 1 0
"bench_d7_multiout.csv"	1	0.0028547773
1 1 -0.014156875 0.34220909 -0.9989 0.9986 3.4146093 1 1 0 0 0 0 0 0 1 0 0 1 0
"bench_d7_multiout.csv"	12	-0.080739184
1 1 -0.014156875 0.34220909 -0.9989 0.9986 3.4146093 1 1 0 0 0 0 0 0 1 0 0 1 0
"bench_d7_multiout.csv"	21	0.00012153057
1 1 -0.014156875 0.34220909 -0.9989 0.9986 3.4146093 1 1 0 0 0 0 0 0 1 0 0 1 0
"bench_d7_multiout.csv"	4	5.1771251e-05
1 1 -0.014156875 0.34220909 -0.9989 0.9986 3.4146093 1 1 0 0 0 0 0 0 1 0 0 1 0
"bench_d7_multiout.csv"	2	7.6625063e-05
1 1 -0.014156875 0.34220909 -0.9989 0.9986 3.4146093 1 1 0 0 0 0 0 0 1 0 0 1 0
"bench_d7_multiout.csv"	3	0.0023923426
1 1 -0.014156875 0.34220909 -0.9989 0.9986 3.4146093 1 1 0 0 0 0 0 0 1 0 0 1 0
"bench_d7_multiout.csv"	1	0.00064380705
1 1 -0.014156875 0.34220909 -0.9989 0.9986 3.4146093 1 1 0 0 0 0 0 0 1 0 0 1 0
"bench_t21_three_region.csv"	1	-0.056921319
1 1 -0.090277778 0.60990548 -1 1 2.560936 0.88482661 0.72766943 0.031415412 2 0 0 0 0 1 1 0 45.334863 0
"bench_t21_three_region.csv"	12	-0.056921319
1 1 -0.090277778 0.60990548 -1 1 2.560936 0.88482661 0.72766943 0.031415412 2 0 0 0 0 1 1 0 45.334863 0
"bench_t21_three_region.csv"	3	0.00018215232
1 1 -0.090277778 0.60990548 -1 1 2.560936 0.88482661 0.72766943 0.031415412 2 0 0 0 0 1 1 0 45.334863 0
"bench_t21_three_region.csv"	1	-0.056349231
1 1 -0.090277778 0.60990548 -1 1 2.560936 0.88482661 0.72766943 0.031415412 2 0 0 0 0 1 1 0 45.334863 0
"bench_t21_three_region.csv"	12	-0.056349231
1 1 -0.090277778 0.60990548 -1 1 2.560936 0.88482661 0.72766943 0.031415412 2 0 0 0 0 1 1 0 45.334863 0
"bench_t21_three_region.csv"	2	0.00040317224
1 1 -0.090277778 0.60990548 -1 1 2.560936 0.88482661 0.72766943 0.031415412 2 0 0 0 0 1 1 0 45.334863 0
"bench_t21_three_region.csv"	4	0.00035160966
1 1 -0.090277778 0.60990548 -1 1 2.560936 0.88482661 0.72766943 0.031415412 2 0 0 0 0 1 1 0 45.334863 0
"bench_t21_three_region.csv"	1	-0.056637003
1 1 -0.090277778 0.60990548 -1 1 2.560936 0.88482661 0.72766943 0.031415412 2 0 0 0 0 1 1 0 45.334863 0
"bench_t21_three_region.csv"	12	-0.056637003
1 1 -0.090277778 0.60990548 -1 1 2.560936 0.88482661 0.72766943 0.031415412 2 0 0 0 0 1 1 0 45.334863 0
"bench_t21_three_region.csv"	2	7.4103359e-05
1 1 -0.090277778 0.60990548 -1 1 2.560936 0.88482661 0.72766943 0.031415412 2 0 0 0 0 1 1 0 45.334863 0
"bench_t21_three_region.csv"	4	0.00012787764
1 1 -0.090277778 0.60990548 -1 1 2.560936 0.88482661 0.72766943 0.031415412 2 0 0 0 0 1 1 0 45.334863 0
"bench_t21_three_region.csv"	3	-0.041845397
1 1 -0.090277778 0.60990548 -1 1 2.560936 0.88482661 0.72766943 0.031415412 2 0 0 0 0 1 1 0 45.334863 0
"bench_t21_three_region.csv"	23	-0.041845397
1 1 -0.090277778 0.60990548 -1 1 2.560936 0.88482661 0.72766943 0.031415412 2 0 0 0 0 1 1 0 45.334863 0
"bench_t21_three_region.csv"	23	-0.041845397
1 1 -0.090277778 0.60990548 -1 1 2.560936 0.88482661 0.72766943 0.031415412 2 0 0 0 0 1 1 0 45.334863 0
"bench_t21_three_region.csv"	1	-0.041845397
1 1 -0.090277778 0.60990548 -1 1 2.560936 0.88482661 0.72766943 0.031415412 2 0 0 0 0 1 1 0 45.334863 0
"bench_t21_three_region.csv"	2	-0.041845397
1 1 -0.090277778 0.60990548 -1 1 2.560936 0.88482661 0.72766943 0.031415412 2 0 0 0 0 1 1 0 45.334863 0
"bench_t21_three_region.csv"	4	-0.041845397
1 1 -0.090277778 0.60990548 -1 1 2.560936 0.88482661 0.72766943 0.031415412 2 0 0 0 0 1 1 0 45.334863 0
"bench_t21_three_region.csv"	3	-0.041309608
1 1 -0.090277778 0.60990548 -1 1 2.560936 0.88482661 0.72766943 0.031415412 2 0 0 0 0 1 1 0 45.334863 0
"bench_t21_three_region.csv"	23	-0.041309608
1 1 -0.090277778 0.60990548 -1 1 2.560936 0.88482661 0.72766943 0.031415412 2 0 0 0 0 1 1 0 45.334863 0
"bench_t21_three_region.csv"	23	-0.041309608
1 1 -0.090277778 0.60990548 -1 1 2.560936 0.88482661 0.72766943 0.031415412 2 0 0 0 0 1 1 0 45.334863 0
"bench_t21_three_region.csv"	1	-0.041309608
1 1 -0.090277778 0.60990548 -1 1 2.560936 0.88482661 0.72766943 0.031415412 2 0 0 0 0 1 1 0 45.334863 0
"bench_t21_three_region.csv"	2	-0.041309608
1 1 -0.090277778 0.60990548 -1 1 2.560936 0.88482661 0.72766943 0.031415412 2 0 0 0 0 1 1 0 45.334863 0
"bench_t21_three_region.csv"	4	-0.041309608
1 1 -0.090277778 0.60990548 -1 1 2.560936 0.88482661 0.72766943 0.031415412 2 0 0 0 0 1 1 0 45.334863 0
"bench_t21_three_region.csv"	3	-0.041070206
1 1 -0.090277778 0.60990548 -1 1 2.560936 0.88482661 0.72766943 0.031415412 2 0 0 0 0 1 1 0 45.334863 0
"bench_t21_three_region.csv"	23	-0.041070206
1 1 -0.090277778 0.60990548 -1 1 2.560936 0.88482661 0.72766943 0.031415412 2 0 0 0 0 1 1 0 45.334863 0
"bench_t21_three_region.csv"	23	-0.041070206
1 1 -0.090277778 0.60990548 -1 1 2.560936 0.88482661 0.72766943 0.031415412 2 0 0 0 0 1 1 0 45.334863 0
"bench_t21_three_region.csv"	1	-0.041070206
1 1 -0.090277778 0.60990548 -1 1 2.560936 0.88482661 0.72766943 0.031415412 2 0 0 0 0 1 1 0 45.334863 0
"bench_t21_three_region.csv"	2	-0.041070206
1 1 -0.090277778 0.60990548 -1 1 2.560936 0.88482661 0.72766943 0.031415412 2 0 0 0 0 1 1 0 45.334863 0
"bench_t21_three_region.csv"	4	-0.041070206
1 1 -0.090277778 0.60990548 -1 1 2.560936 0.88482661 0.72766943 0.031415412 2 0 0 0 0 1 1 0 45.334863 0
"bench_t21_three_region.csv"	3	-0.04125332
1 1 -0.090277778 0.60990548 -1 1 2.560936 0.88482661 0.72766943 0.031415412 2 0 0 0 0 1 1 0 45.334863 0
"bench_t21_three_region.csv"	23	-0.04125332
1 1 -0.090277778 0.60990548 -1 1 2.560936 0.88482661 0.72766943 0.031415412 2 0 0 0 0 1 1 0 45.334863 0
"bench_t21_three_region.csv"	23	-0.04125332
1 1 -0.090277778 0.60990548 -1 1 2.560936 0.88482661 0.72766943 0.031415412 2 0 0 0 0 1 1 0 45.334863 0
"bench_t21_three_region.csv"	1	-0.04125332
1 1 -0.090277778 0.60990548 -1 1 2.560936 0.88482661 0.72766943 0.031415412 2 0 0 0 0 1 1 0 45.334863 0
"bench_t21_three_region.csv"	2	-0.04125332
1 1 -0.090277778 0.60990548 -1 1 2.560936 0.88482661 0.72766943 0.031415412 2 0 0 0 0 1 1 0 45.334863 0
"bench_t21_three_region.csv"	4	-0.04125332
1 1 -0.090277778 0.60990548 -1 1 2.560936 0.88482661 0.72766943 0.031415412 2 0 0 0 0 1 1 0 45.334863 0
"bench_t21_three_region.csv"	3	-0.044466617
1 1 -0.090277778 0.60990548 -1 1 2.560936 0.88482661 0.72766943 0.031415412 2 0 0 0 0 1 1 0 45.334863 0
"bench_t21_three_region.csv"	23	-0.044466617
1 1 -0.090277778 0.60990548 -1 1 2.560936 0.88482661 0.72766943 0.031415412 2 0 0 0 0 1 1 0 45.334863 0
"bench_t21_three_region.csv"	23	-0.044466617
1 1 -0.090277778 0.60990548 -1 1 2.560936 0.88482661 0.72766943 0.031415412 2 0 0 0 0 1 1 0 45.334863 0
"bench_t21_three_region.csv"	1	-0.044466617
1 1 -0.090277778 0.60990548 -1 1 2.560936 0.88482661 0.72766943 0.031415412 2 0 0 0 0 1 1 0 45.334863 0
"bench_t21_three_region.csv"	2	-0.044466617
1 1 -0.090277778 0.60990548 -1 1 2.560936 0.88482661 0.72766943 0.031415412 2 0 0 0 0 1 1 0 45.334863 0
"bench_t21_three_region.csv"	4	-0.044466617
1 1 -0.090277778 0.60990548 -1 1 2.560936 0.88482661 0.72766943 0.031415412 2 0 0 0 0 1 1 0 45.334863 0
"bench_t21_three_region.csv"	3	-0.0083009199
1 1 -0.090277778 0.60990548 -1 1 2.560936 0.88482661 0.72766943 0.031415412 2 0 0 0 0 1 1 0 45.334863 0
"bench_t21_three_region.csv"	1	0.025928604
1 1 -0.090277778 0.60990548 -1 1 2.560936 0.88482661 0.72766943 0.031415412 2 0 0 0 0 1 1 0 45.334863 0
"bench_t21_three_region.csv"	21	0.027279346
1 1 -0.090277778 0.60990548 -1 1 2.560936 0.88482661 0.72766943 0.031415412 2 0 0 0 0 1 1 0 45.334863 0
"bench_t21_three_region.csv"	14	0.012176469
1 1 -0.090277778 0.60990548 -1 1 2.560936 0.88482661 0.72766943 0.031415412 2 0 0 0 0 1 1 0 45.334863 0
"bench_t21_three_region.csv"	12	-0.0083009199
1 1 -0.090277778 0.60990548 -1 1 2.560936 0.88482661 0.72766943 0.031415412 2 0 0 0 0 1 1 0 45.334863 0
"bench_t21_three_region.csv"	2	0.027613848
1 1 -0.090277778 0.60990548 -1 1 2.560936 0.88482661 0.72766943 0.031415412 2 0 0 0 0 1 1 0 45.334863 0
"bench_t21_three_region.csv"	4	0.028377914
1 1 -0.090277778 0.60990548 -1 1 2.560936 0.88482661 0.72766943 0.031415412 2 0 0 0 0 1 1 0 45.334863 0
"bench_t21_three_region.csv"	3	-0.0083009199
1 1 -0.090277778 0.60990548 -1 1 2.560936 0.88482661 0.72766943 0.031415412 2 0 0 0 0 1 1 0 45.334863 0
"bench_t21_three_region.csv"	1	0.024908001
1 1 -0.090277778 0.60990548 -1 1 2.560936 0.88482661 0.72766943 0.031415412 2 0 0 0 0 1 1 0 45.334863 0
"bench_t21_three_region.csv"	21	0.027473899
1 1 -0.090277778 0.60990548 -1 1 2.560936 0.88482661 0.72766943 0.031415412 2 0 0 0 0 1 1 0 45.334863 0
"bench_t21_three_region.csv"	14	0.0090093492
1 1 -0.090277778 0.60990548 -1 1 2.560936 0.88482661 0.72766943 0.031415412 2 0 0 0 0 1 1 0 45.334863 0
"bench_t21_three_region.csv"	12	-0.0083009199
1 1 -0.090277778 0.60990548 -1 1 2.560936 0.88482661 0.72766943 0.031415412 2 0 0 0 0 1 1 0 45.334863 0
"bench_t21_three_region.csv"	2	0.027786191
1 1 -0.090277778 0.60990548 -1 1 2.560936 0.88482661 0.72766943 0.031415412 2 0 0 0 0 1 1 0 45.334863 0
"bench_t21_three_region.csv"	4	0.02834798
1 1 -0.090277778 0.60990548 -1 1 2.560936 0.88482661 0.72766943 0.031415412 2 0 0 0 0 1 1 0 45.334863 0
"bench_t21_three_region.csv"	3	-0.0074307606
1 1 -0.090277778 0.60990548 -1 1 2.560936 0.88482661 0.72766943 0.031415412 2 0 0 0 0 1 1 0 45.334863 0
"bench_t21_three_region.csv"	1	0.026367865
1 1 -0.090277778 0.60990548 -1 1 2.560936 0.88482661 0.72766943 0.031415412 2 0 0 0 0 1 1 0 45.334863 0
"bench_t21_three_region.csv"	21	0.028254773
1 1 -0.090277778 0.60990548 -1 1 2.560936 0.88482661 0.72766943 0.031415412 2 0 0 0 0 1 1 0 45.334863 0
"bench_t21_three_region.csv"	14	0.010330126
1 1 -0.090277778 0.60990548 -1 1 2.560936 0.88482661 0.72766943 0.031415412 2 0 0 0 0 1 1 0 45.334863 0
"bench_t21_three_region.csv"	12	-0.0074307606
1 1 -0.090277778 0.60990548 -1 1 2.560936 0.88482661 0.72766943 0.031415412 2 0 0 0 0 1 1 0 45.334863 0
"bench_t21_three_region.csv"	2	0.028548862
1 1 -0.090277778 0.60990548 -1 1 2.560936 0.88482661 0.72766943 0.031415412 2 0 0 0 0 1 1 0 45.334863 0
"bench_t21_three_region.csv"	4	0.028801582
1 1 -0.090277778 0.60990548 -1 1 2.560936 0.88482661 0.72766943 0.031415412 2 0 0 0 0 1 1 0 45.334863 0
"bench_t21_three_region.csv"	3	-0.0074307606
1 1 -0.090277778 0.60990548 -1 1 2.560936 0.88482661 0.72766943 0.031415412 2 0 0 0 0 1 1 0 45.334863 0
"bench_t21_three_region.csv"	1	0.025041609
1 1 -0.090277778 0.60990548 -1 1 2.560936 0.88482661 0.72766943 0.031415412 2 0 0 0 0 1 1 0 45.334863 0
"bench_t21_three_region.csv"	21	0.028277582
1 1 -0.090277778 0.60990548 -1 1 2.560936 0.88482661 0.72766943 0.031415412 2 0 0 0 0 1 1 0 45.334863 0
"bench_t21_three_region.csv"	14	0.0098762868
1 1 -0.090277778 0.60990548 -1 1 2.560936 0.88482661 0.72766943 0.031415412 2 0 0 0 0 1 1 0 45.334863 0
"bench_t21_three_region.csv"	12	-0.0074307606
1 1 -0.090277778 0.60990548 -1 1 2.560936 0.88482661 0.72766943 0.031415412 2 0 0 0 0 1 1 0 45.334863 0
"bench_t21_three_region.csv"	2	0.026621807
1 1 -0.090277778 0.60990548 -1 1 2.560936 0.88482661 0.72766943 0.031415412 2 0 0 0 0 1 1 0 45.334863 0
"bench_t21_three_region.csv"	4	0.029371623
1 1 -0.090277778 0.60990548 -1 1 2.560936 0.88482661 0.72766943 0.031415412 2 0 0 0 0 1 1 0 45.334863 0
"bench_t21_three_region.csv"	3	-0.0078725803
1 1 -0.090277778 0.60990548 -1 1 2.560936 0.88482661 0.72766943 0.031415412 2 0 0 0 0 1 1 0 45.334863 0
"bench_t21_three_region.csv"	1	0.0257164
1 1 -0.090277778 0.60990548 -1 1 2.560936 0.88482661 0.72766943 0.031415412 2 0 0 0 0 1 1 0 45.334863 0
"bench_t21_three_region.csv"	21	0.027704763
1 1 -0.090277778 0.60990548 -1 1 2.560936 0.88482661 0.72766943 0.031415412 2 0 0 0 0 1 1 0 45.334863 0
"bench_t21_three_region.csv"	14	0.010502941
1 1 -0.090277778 0.60990548 -1 1 2.560936 0.88482661 0.72766943 0.031415412 2 0 0 0 0 1 1 0 45.334863 0
"bench_t21_three_region.csv"	12	-0.0078725803
1 1 -0.090277778 0.60990548 -1 1 2.560936 0.88482661 0.72766943 0.031415412 2 0 0 0 0 1 1 0 45.334863 0
"bench_t21_three_region.csv"	2	0.027997195
1 1 -0.090277778 0.60990548 -1 1 2.560936 0.88482661 0.72766943 0.031415412 2 0 0 0 0 1 1 0 45.334863 0
"bench_t21_three_region.csv"	4	0.028477195
1 1 -0.090277778 0.60990548 -1 1 2.560936 0.88482661 0.72766943 0.031415412 2 0 0 0 0 1 1 0 45.334863 0
"bench_t21_three_region.csv"	3	-0.0078725803
1 1 -0.090277778 0.60990548 -1 1 2.560936 0.88482661 0.72766943 0.031415412 2 0 0 0 0 1 1 0 45.334863 0
"bench_t21_three_region.csv"	1	0.024594202
1 1 -0.090277778 0.60990548 -1 1 2.560936 0.88482661 0.72766943 0.031415412 2 0 0 0 0 1 1 0 45.334863 0
"bench_t21_three_region.csv"	21	0.027842933
1 1 -0.090277778 0.60990548 -1 1 2.560936 0.88482661 0.72766943 0.031415412 2 0 0 0 0 1 1 0 45.334863 0
"bench_t21_three_region.csv"	14	0.0095966972
1 1 -0.090277778 0.60990548 -1 1 2.560936 0.88482661 0.72766943 0.031415412 2 0 0 0 0 1 1 0 45.334863 0
"bench_t21_three_region.csv"	12	-0.0078725803
1 1 -0.090277778 0.60990548 -1 1 2.560936 0.88482661 0.72766943 0.031415412 2 0 0 0 0 1 1 0 45.334863 0
"bench_t21_three_region.csv"	2	0.028104842
1 1 -0.090277778 0.60990548 -1 1 2.560936 0.88482661 0.72766943 0.031415412 2 0 0 0 0 1 1 0 45.334863 0
"bench_t21_three_region.csv"	4	0.028992767
1 1 -0.090277778 0.60990548 -1 1 2.560936 0.88482661 0.72766943 0.031415412 2 0 0 0 0 1 1 0 45.334863 0
"bench_t21_three_region.csv"	3	-0.0074272402
1 1 -0.090277778 0.60990548 -1 1 2.560936 0.88482661 0.72766943 0.031415412 2 0 0 0 0 1 1 0 45.334863 0
"bench_t21_three_region.csv"	1	0.025744216
1 1 -0.090277778 0.60990548 -1 1 2.560936 0.88482661 0.72766943 0.031415412 2 0 0 0 0 1 1 0 45.334863 0
"bench_t21_three_region.csv"	21	0.028188188
1 1 -0.090277778 0.60990548 -1 1 2.560936 0.88482661 0.72766943 0.031415412 2 0 0 0 0 1 1 0 45.334863 0
"bench_t21_three_region.csv"	14	0.010421478
1 1 -0.090277778 0.60990548 -1 1 2.560936 0.88482661 0.72766943 0.031415412 2 0 0 0 0 1 1 0 45.334863 0
"bench_t21_three_region.csv"	12	-0.0074272402
1 1 -0.090277778 0.60990548 -1 1 2.560936 0.88482661 0.72766943 0.031415412 2 0 0 0 0 1 1 0 45.334863 0
"bench_t21_three_region.csv"	2	0.028400206
1 1 -0.090277778 0.60990548 -1 1 2.560936 0.88482661 0.72766943 0.031415412 2 0 0 0 0 1 1 0 45.334863 0
"bench_t21_three_region.csv"	4	0.02935304
1 1 -0.090277778 0.60990548 -1 1 2.560936 0.88482661 0.72766943 0.031415412 2 0 0 0 0 1 1 0 45.334863 0
"bench_t21_three_region.csv"	3	-0.0074272402
1 1 -0.090277778 0.60990548 -1 1 2.560936 0.88482661 0.72766943 0.031415412 2 0 0 0 0 1 1 0 45.334863 0
"bench_t21_three_region.csv"	1	0.024934568
1 1 -0.090277778 0.60990548 -1 1 2.560936 0.88482661 0.72766943 0.031415412 2 0 0 0 0 1 1 0 45.334863 0
"bench_t21_three_region.csv"	21	0.028210075
1 1 -0.090277778 0.60990548 -1 1 2.560936 0.88482661 0.72766943 0.031415412 2 0 0 0 0 1 1 0 45.334863 0
"bench_t21_three_region.csv"	14	0.0088575645
1 1 -0.090277778 0.60990548 -1 1 2.560936 0.88482661 0.72766943 0.031415412 2 0 0 0 0 1 1 0 45.334863 0
"bench_t21_three_region.csv"	12	-0.0074272402
1 1 -0.090277778 0.60990548 -1 1 2.560936 0.88482661 0.72766943 0.031415412 2 0 0 0 0 1 1 0 45.334863 0
"bench_t21_three_region.csv"	2	0.028240449
1 1 -0.090277778 0.60990548 -1 1 2.560936 0.88482661 0.72766943 0.031415412 2 0 0 0 0 1 1 0 45.334863 0
"bench_t21_three_region.csv"	4	0.02928463
1 1 -0.090277778 0.60990548 -1 1 2.560936 0.88482661 0.72766943 0.031415412 2 0 0 0 0 1 1 0 45.334863 0
"bench_t21_three_region.csv"	3	-0.0076283861
1 1 -0.090277778 0.60990548 -1 1 2.560936 0.88482661 0.72766943 0.031415412 2 0 0 0 0 1 1 0 45.334863 0
"bench_t21_three_region.csv"	1	0.025377884
1 1 -0.090277778 0.60990548 -1 1 2.560936 0.88482661 0.72766943 0.031415412 2 0 0 0 0 1 1 0 45.334863 0
"bench_t21_three_region.csv"	21	0.027929526
1 1 -0.090277778 0.60990548 -1 1 2.560936 0.88482661 0.72766943 0.031415412 2 0 0 0 0 1 1 0 45.334863 0
"bench_t21_three_region.csv"	14	0.010779612
1 1 -0.090277778 0.60990548 -1 1 2.560936 0.88482661 0.72766943 0.031415412 2 0 0 0 0 1 1 0 45.334863 0
"bench_t21_three_region.csv"	12	-0.0076283861
1 1 -0.090277778 0.60990548 -1 1 2.560936 0.88482661 0.72766943 0.031415412 2 0 0 0 0 1 1 0 45.334863 0
"bench_t21_three_region.csv"	2	0.02811737
1 1 -0.090277778 0.60990548 -1 1 2.560936 0.88482661 0.72766943 0.031415412 2 0 0 0 0 1 1 0 45.334863 0
"bench_t21_three_region.csv"	4	0.02933519
1 1 -0.090277778 0.60990548 -1 1 2.560936 0.88482661 0.72766943 0.031415412 2 0 0 0 0 1 1 0 45.334863 0
"bench_t21_three_region.csv"	3	-0.0076283861
1 1 -0.090277778 0.60990548 -1 1 2.560936 0.88482661 0.72766943 0.031415412 2 0 0 0 0 1 1 0 45.334863 0
"bench_t21_three_region.csv"	1	0.024603671
1 1 -0.090277778 0.60990548 -1 1 2.560936 0.88482661 0.72766943 0.031415412 2 0 0 0 0 1 1 0 45.334863 0
"bench_t21_three_region.csv"	21	0.028006305
1 1 -0.090277778 0.60990548 -1 1 2.560936 0.88482661 0.72766943 0.031415412 2 0 0 0 0 1 1 0 45.334863 0
"bench_t21_three_region.csv"	14	0.0093071593
1 1 -0.090277778 0.60990548 -1 1 2.560936 0.88482661 0.72766943 0.031415412 2 0 0 0 0 1 1 0 45.334863 0
"bench_t21_three_region.csv"	12	-0.0076283861
1 1 -0.090277778 0.60990548 -1 1 2.560936 0.88482661 0.72766943 0.031415412 2 0 0 0 0 1 1 0 45.334863 0
"bench_t21_three_region.csv"	2	0.028355951
1 1 -0.090277778 0.60990548 -1 1 2.560936 0.88482661 0.72766943 0.031415412 2 0 0 0 0 1 1 0 45.334863 0
"bench_t21_three_region.csv"	4	0.029054448
1 1 -0.090277778 0.60990548 -1 1 2.560936 0.88482661 0.72766943 0.031415412 2 0 0 0 0 1 1 0 45.334863 0
"bench_t21_three_region.csv"	3	-0.035762238
1 1 -0.090277778 0.60990548 -1 1 2.560936 0.88482661 0.72766943 0.031415412 2 0 0 0 0 1 1 0 45.334863 0
"bench_t21_three_region.csv"	1	-0.035762238
1 1 -0.090277778 0.60990548 -1 1 2.560936 0.88482661 0.72766943 0.031415412 2 0 0 0 0 1 1 0 45.334863 0
"bench_t21_three_region.csv"	12	-0.035762238
1 1 -0.090277778 0.60990548 -1 1 2.560936 0.88482661 0.72766943 0.031415412 2 0 0 0 0 1 1 0 45.334863 0
"bench_t21_three_region.csv"	4	0.00026988372
1 1 -0.090277778 0.60990548 -1 1 2.560936 0.88482661 0.72766943 0.031415412 2 0 0 0 0 1 1 0 45.334863 0
"bench_t21_three_region.csv"	3	-0.0020015797
1 1 -0.090277778 0.60990548 -1 1 2.560936 0.88482661 0.72766943 0.031415412 2 0 0 0 0 1 1 0 45.334863 0
"bench_t21_three_region.csv"	1	0.024421529
1 1 -0.090277778 0.60990548 -1 1 2.560936 0.88482661 0.72766943 0.031415412 2 0 0 0 0 1 1 0 45.334863 0
"bench_t21_three_region.csv"	21	-0.0020015797
1 1 -0.090277778 0.60990548 -1 1 2.560936 0.88482661 0.72766943 0.031415412 2 0 0 0 0 1 1 0 45.334863 0
"bench_t21_three_region.csv"	14	0.017917886
1 1 -0.090277778 0.60990548 -1 1 2.560936 0.88482661 0.72766943 0.031415412 2 0 0 0 0 1 1 0 45.334863 0
"bench_t21_three_region.csv"	12	-0.0020015797
1 1 -0.090277778 0.60990548 -1 1 2.560936 0.88482661 0.72766943 0.031415412 2 0 0 0 0 1 1 0 45.334863 0
"bench_t22_windowed_sine.csv"	12	-0.14184205
1 1 0.0133975 0.28381226 -1 0.9975 3.7494815 0.14396683 0.19987853 0.017302425 2 0 0 0 0 1 0 0 3.0345707 0
"bench_t22_windowed_sine.csv"	1	-0.14184205
1 1 0.0133975 0.28381226 -1 0.9975 3.7494815 0.14396683 0.19987853 0.017302425 2 0 0 0 0 1 0 0 3.0345707 0
"bench_t22_windowed_sine.csv"	3	-0.030013571
1 1 0.0133975 0.28381226 -1 0.9975 3.7494815 0.14396683 0.19987853 0.017302425 2 0 0 0 0 1 0 0 3.0345707 0
"bench_t22_windowed_sine.csv"	1	0.0030994602
1 1 0.0133975 0.28381226 -1 0.9975 3.7494815 0.14396683 0.19987853 0.017302425 2 0 0 0 0 1 0 0 3.0345707 0
"bench_t22_windowed_sine.csv"	4	-0.030013571
1 1 0.0133975 0.28381226 -1 0.9975 3.7494815 0.14396683 0.19987853 0.017302425 2 0 0 0 0 1 0 0 3.0345707 0
