"bench_hetero3.csv"	3	0.00013490842
1 1 1.4239754 10.811493 -4.922015 6.953457 3.6116698 1 2 7.164235e-10 2 0 0 0 0 1 0 0 2.0134228 0
"bench_hetero3.csv"	1	-0.51175841
1 1 1.4239754 10.811493 -4.922015 6.953457 3.6116698 1 2 7.164235e-10 2 0 0 0 0 1 0 0 2.0134228 0
"bench_hetero3.csv"	12	-0.51175841
1 1 1.4239754 10.811493 -4.922015 6.953457 3.6116698 1 2 7.164235e-10 2 0 0 0 0 1 0 0 2.0134228 0
"bench_hetero3.csv"	4	0.00014047246
1 1 1.4239754 10.811493 -4.922015 6.953457 3.6116698 1 2 7.164235e-10 2 0 0 0 0 1 0 0 2.0134228 0
"bench_hetero3.csv"	21	-0.51175841
1 1 1.4239754 10.811493 -4.922015 6.953457 3.6116698 1 2 7.164235e-10 2 0 0 0 0 1 0 0 2.0134228 0
"bench_hetero3.csv"	12	0.022270701
1 1 -0.045361096 0.50923543 -0.999975 0.999994 2.8026183 0.028358164 0.070407524 0.0096722582 2 0 0 0 0 1 0 0 2.9994483 0
"bench_hetero3.csv"	3	0.00081353505
1 1 1.4239754 10.811493 -4.922015 6.953457 3.6116698 1 2 7.164235e-10 2 0 0 0 0 1 0 0 2.0134228 0
"bench_hetero3.csv"	1	0.025020882
1 1 1.4239754 10.811493 -4.922015 6.953457 3.6116698 1 2 7.164235e-10 2 0 0 0 0 1 0 0 2.0134228 0
"bench_hetero3.csv"	12	-0.45008902
1 1 1.4239754 10.811493 -4.922015 6.953457 3.6116698 1 2 7.164235e-10 2 0 0 0 0 1 0 0 2.0134228 0
"bench_hetero3.csv"	21	0.065381633
1 1 1.4239754 10.811493 -4.922015 6.953457 3.6116698 1 2 7.164235e-10 2 0 0 0 0 1 0 0 2.0134228 0
"bench_hetero3.csv"	2	0.00014478359
1 1 1.4239754 10.811493 -4.922015 6.953457 3.6116698 1 2 7.164235e-10 2 0 0 0 0 1 0 0 2.0134228 0
"bench_hetero3.csv"	3	-0.45001184
1 1 1.4239754 10.811493 -4.922015 6.953457 3.6116698 1 2 7.164235e-10 2 0 0 0 0 1 0 0 2.0134228 0
"bench_hetero3.csv"	1	0.0024725018
1 1 1.4239754 10.811493 -4.922015 6.953457 3.6116698 1 2 7.164235e-10 2 0 0 0 0 1 0 0 2.0134228 0
"bench_hetero3.csv"	4	0.0010943626
1 1 1.4239754 10.811493 -4.922015 6.953457 3.6116698 1 2 7.164235e-10 2 0 0 0 0 1 0 0 2.0134228 0
"bench_hetero3.csv"	2	0.00036832856
1 1 1.4239754 10.811493 -4.922015 6.953457 3.6116698 1 2 7.164235e-10 2 0 0 0 0 1 0 0 2.0134228 0
"bench_hetero3.csv"	3	0.048487608
1 1 1.4239754 10.811493 -4.922015 6.953457 3.6116698 1 2 7.164235e-10 2 0 0 0 0 1 0 0 2.0134228 0
"bench_hetero3.csv"	3	0.0001235635
1 1 1.4239754 10.811493 -4.922015 6.953457 3.6116698 1 2 7.164235e-10 2 0 0 0 0 1 0 0 2.0134228 0
"bench_hetero3.csv"	1	0.00034294455
1 1 1.4239754 10.811493 -4.922015 6.953457 3.6116698 1 2 7.164235e-10 2 0 0 0 0 1 0 0 2.0134228 0
"bench_hetero3.csv"	4	6.3254967e-06
1 1 1.4239754 10.811493 -4.922015 6.953457 3.6116698 1 2 7.164235e-10 2 0 0 0 0 1 0 0 2.0134228 0
"bench_hetero3.csv"	2	0.00064377989
1 1 1.4239754 10.811493 -4.922015 6.953457 3.6116698 1 2 7.164235e-10 2 0 0 0 0 1 0 0 2.0134228 0
"bench_hetero3.csv"	3	0.054588212
1 1 1.4239754 10.811493 -4.922015 6.953457 3.6116698 1 2 7.164235e-10 2 0 0 0 0 1 0 0 2.0134228 0
"bench_hetero3.csv"	1	0.022815994
1 1 1.4239754 10.811493 -4.922015 6.953457 3.6116698 1 2 7.164235e-10 2 0 0 0 0 1 0 0 2.0134228 0
"bench_hetero3.csv"	4	0.00023602463
1 1 1.4239754 10.811493 -4.922015 6.953457 3.6116698 1 2 7.164235e-10 2 0 0 0 0 1 0 0 2.0134228 0
"bench_hetero3.csv"	2	6.519601e-05
1 1 1.4239754 10.811493 -4.922015 6.953457 3.6116698 1 2 7.164235e-10 2 0 0 0 0 1 0 0 2.0134228 0
"bench_hetero3.csv"	3	0.048342067
1 1 1.4239754 10.811493 -4.922015 6.953457 3.6116698 1 2 7.164235e-10 2 0 0 0 0 1 0 0 2.0134228 0
"bench_hetero3.csv"	1	0.013540484
1 1 1.4239754 10.811493 -4.922015 6.953457 3.6116698 1 2 7.164235e-10 2 0 0 0 0 1 0 0 2.0134228 0
"bench_hetero3.csv"	3	0.0021117026
1 1 1.4239754 10.811493 -4.922015 6.953457 3.6116698 1 2 7.164235e-10 2 0 0 0 0 1 0 0 2.0134228 0
"bench_hetero3.csv"	1	0.0092430016
1 1 1.4239754 10.811493 -4.922015 6.953457 3.6116698 1 2 7.164235e-10 2 0 0 0 0 1 0 0 2.0134228 0
"bench_hetero3.csv"	3	9.2555708e-05
1 1 1.4239754 10.811493 -4.922015 6.953457 3.6116698 1 2 7.164235e-10 2 0 0 0 0 1 0 0 2.0134228 0
"bench_hetero3.csv"	1	0.0025457286
1 1 1.4239754 10.811493 -4.922015 6.953457 3.6116698 1 2 7.164235e-10 2 0 0 0 0 1 0 0 2.0134228 0
"bench_hetero3.csv"	12	-0.44987316
1 1 1.4239754 10.811493 -4.922015 6.953457 3.6116698 1 2 7.164235e-10 2 0 0 0 0 1 0 0 2.0134228 0
"bench_hetero3.csv"	4	5.6586705e-06
1 1 1.4239754 10.811493 -4.922015 6.953457 3.6116698 1 2 7.164235e-10 2 0 0 0 0 1 0 0 2.0134228 0
"bench_hetero3.csv"	21	-0.44987316
1 1 1.4239754 10.811493 -4.922015 6.953457 3.6116698 1 2 7.164235e-10 2 0 0 0 0 1 0 0 2.0134228 0
"bench_hetero3.csv"	2	6.5061777e-05
1 1 1.4239754 10.811493 -4.922015 6.953457 3.6116698 1 2 7.164235e-10 2 0 0 0 0 1 0 0 2.0134228 0
"bench_hetero3.csv"	3	0.0004367248
1 1 1.4239754 10.811493 -4.922015 6.953457 3.6116698 1 2 7.164235e-10 2 0 0 0 0 1 0 0 2.0134228 0
"bench_hetero3.csv"	1	0.00021333745
1 1 1.4239754 10.811493 -4.922015 6.953457 3.6116698 1 2 7.164235e-10 2 0 0 0 0 1 0 0 2.0134228 0
"bench_hetero3.csv"	3	2.2001998e-05
1 1 1.4239754 10.811493 -4.922015 6.953457 3.6116698 1 2 7.164235e-10 2 0 0 0 0 1 0 0 2.0134228 0
"bench_hetero3.csv"	1	0.0010299159
1 1 1.4239754 10.811493 -4.922015 6.953457 3.6116698 1 2 7.164235e-10 2 0 0 0 0 1 0 0 2.0134228 0
"bench_hetero3.csv"	4	0.00037302584
1 1 1.4239754 10.811493 -4.922015 6.953457 3.6116698 1 2 7.164235e-10 2 0 0 0 0 1 0 0 2.0134228 0
"bench_hetero3.csv"	2	0.00010528902
1 1 1.4239754 10.811493 -4.922015 6.953457 3.6116698 1 2 7.164235e-10 2 0 0 0 0 1 0 0 2.0134228 0
"bench_hetero3.csv"	1	1.8771015e-05
1 1 1.4239754 10.811493 -4.922015 6.953457 3.6116698 1 2 7.164235e-10 2 0 0 0 0 1 0 0 2.0134228 0
"bench_hetero3.csv"	12	-0.44998436
1 1 1.4239754 10.811493 -4.922015 6.953457 3.6116698 1 2 7.164235e-10 2 0 0 0 0 1 0 0 2.0134228 0
"bench_hetero3.csv"	21	-0.44998436
1 1 1.4239754 10.811493 -4.922015 6.953457 3.6116698 1 2 7.164235e-10 2 0 0 0 0 1 0 0 2.0134228 0
"bench_hetero3.csv"	2	2.8876192e-05
1 1 1.4239754 10.811493 -4.922015 6.953457 3.6116698 1 2 7.164235e-10 2 0 0 0 0 1 0 0 2.0134228 0
"bench_hetero3.csv"	1	0.022983619
1 1 1.4239754 10.811493 -4.922015 6.953457 3.6116698 1 2 7.164235e-10 2 0 0 0 0 1 0 0 2.0134228 0
"bench_hetero3.csv"	4	1.4453987e-05
1 1 1.4239754 10.811493 -4.922015 6.953457 3.6116698 1 2 7.164235e-10 2 0 0 0 0 1 0 0 2.0134228 0
"bench_hetero3.csv"	2	0.00031807928
1 1 1.4239754 10.811493 -4.922015 6.953457 3.6116698 1 2 7.164235e-10 2 0 0 0 0 1 0 0 2.0134228 0
"bench_hetero3.csv"	3	0.0011662957
1 1 1.4239754 10.811493 -4.922015 6.953457 3.6116698 1 2 7.164235e-10 2 0 0 0 0 1 0 0 2.0134228 0
"bench_hetero3.csv"	1	0.00375548
1 1 1.4239754 10.811493 -4.922015 6.953457 3.6116698 1 2 7.164235e-10 2 0 0 0 0 1 0 0 2.0134228 0
"bench_hetero3.csv"	4	5.354092e-05
1 1 1.4239754 10.811493 -4.922015 6.953457 3.6116698 1 2 7.164235e-10 2 0 0 0 0 1 0 0 2.0134228 0
"bench_hetero3.csv"	2	1.7527988e-05
1 1 1.4239754 10.811493 -4.922015 6.953457 3.6116698 1 2 7.164235e-10 2 0 0 0 0 1 0 0 2.0134228 0
"bench_hetero3.csv"	1	-0.44987121
1 1 1.4239754 10.811493 -4.922015 6.953457 3.6116698 1 2 7.164235e-10 2 0 0 0 0 1 0 0 2.0134228 0
"bench_hetero3.csv"	3	0.00047015108
1 1 1.4239754 10.811493 -4.922015 6.953457 3.6116698 1 2 7.164235e-10 2 0 0 0 0 1 0 0 2.0134228 0
"bench_hetero3.csv"	4	5.3441968e-06
1 1 1.4239754 10.811493 -4.922015 6.953457 3.6116698 1 2 7.164235e-10 2 0 0 0 0 1 0 0 2.0134228 0
"bench_hetero3.csv"	2	5.4925195e-06
1 1 1.4239754 10.811493 -4.922015 6.953457 3.6116698 1 2 7.164235e-10 2 0 0 0 0 1 0 0 2.0134228 0
"bench_hetero3.csv"	1	-0.44997046
1 1 1.4239754 10.811493 -4.922015 6.953457 3.6116698 1 2 7.164235e-10 2 0 0 0 0 1 0 0 2.0134228 0
"bench_hetero3.csv"	2	0.010877864
1 1 1.4239754 10.811493 -4.922015 6.953457 3.6116698 1 2 7.164235e-10 2 0 0 0 0 1 0 0 2.0134228 0
"bench_hetero3.csv"	3	4.1581241e-05
1 1 1.4239754 10.811493 -4.922015 6.953457 3.6116698 1 2 7.164235e-10 2 0 0 0 0 1 0 0 2.0134228 0
"bench_hetero3.csv"	12	-0.44986285
1 1 1.4239754 10.811493 -4.922015 6.953457 3.6116698 1 2 7.164235e-10 2 0 0 0 0 1 0 0 2.0134228 0
"bench_hetero3.csv"	4	5.3834488e-06
1 1 1.4239754 10.811493 -4.922015 6.953457 3.6116698 1 2 7.164235e-10 2 0 0 0 0 1 0 0 2.0134228 0
"bench_hetero3.csv"	21	1.1929187e-05
1 1 1.4239754 10.811493 -4.922015 6.953457 3.6116698 1 2 7.164235e-10 2 0 0 0 0 1 0 0 2.0134228 0
"bench_hetero3.csv"	3	3.3644355e-05
1 1 1.4239754 10.811493 -4.922015 6.953457 3.6116698 1 2 7.164235e-10 2 0 0 0 0 1 0 0 2.0134228 0
"bench_hetero3.csv"	1	-0.44986465
1 1 1.4239754 10.811493 -4.922015 6.953457 3.6116698 1 2 7.164235e-10 2 0 0 0 0 1 0 0 2.0134228 0
"bench_hetero3.csv"	4	2.6212639e-05
1 1 1.4239754 10.811493 -4.922015 6.953457 3.6116698 1 2 7.164235e-10 2 0 0 0 0 1 0 0 2.0134228 0
"bench_hetero3.csv"	2	0.014523681
1 1 1.4239754 10.811493 -4.922015 6.953457 3.6116698 1 2 7.164235e-10 2 0 0 0 0 1 0 0 2.0134228 0
"bench_hetero3.csv"	3	1.170036e-05
1 1 1.4239754 10.811493 -4.922015 6.953457 3.6116698 1 2 7.164235e-10 2 0 0 0 0 1 0 0 2.0134228 0
"bench_hetero3.csv"	1	0.0090970709
1 1 1.4239754 10.811493 -4.922015 6.953457 3.6116698 1 2 7.164235e-10 2 0 0 0 0 1 0 0 2.0134228 0
"bench_hetero3.csv"	4	1.1680486e-05
1 1 1.4239754 10.811493 -4.922015 6.953457 3.6116698 1 2 7.164235e-10 2 0 0 0 0 1 0 0 2.0134228 0
"bench_hetero3.csv"	3	0.00056882044
1 1 1.4239754 10.811493 -4.922015 6.953457 3.6116698 1 2 7.164235e-10 2 0 0 0 0 1 0 0 2.0134228 0
"bench_hetero3.csv"	1	0.0013784149
1 1 1.4239754 10.811493 -4.922015 6.953457 3.6116698 1 2 7.164235e-10 2 0 0 0 0 1 0 0 2.0134228 0
"bench_hetero3.csv"	3	0.00072031839
1 1 1.4239754 10.811493 -4.922015 6.953457 3.6116698 1 2 7.164235e-10 2 0 0 0 0 1 0 0 2.0134228 0
"bench_hetero3.csv"	1	0.00070851724
1 1 1.4239754 10.811493 -4.922015 6.953457 3.6116698 1 2 7.164235e-10 2 0 0 0 0 1 0 0 2.0134228 0
"bench_hetero3.csv"	4	6.1914914e-05
1 1 1.4239754 10.811493 -4.922015 6.953457 3.6116698 1 2 7.164235e-10 2 0 0 0 0 1 0 0 2.0134228 0
"bench_hetero3.csv"	2	5.107533e-05
1 1 1.4239754 10.811493 -4.922015 6.953457 3.6116698 1 2 7.164235e-10 2 0 0 0 0 1 0 0 2.0134228 0
"bench_hetero3.csv"	3	1.5767621e-05
1 1 1.4239754 10.811493 -4.922015 6.953457 3.6116698 1 2 7.164235e-10 2 0 0 0 0 1 0 0 2.0134228 0
"bench_hetero3.csv"	12	-0.44997372
1 1 1.4239754 10.811493 -4.922015 6.953457 3.6116698 1 2 7.164235e-10 2 0 0 0 0 1 0 0 2.0134228 0
"bench_hetero3.csv"	4	5.9510352e-05
1 1 1.4239754 10.811493 -4.922015 6.953457 3.6116698 1 2 7.164235e-10 2 0 0 0 0 1 0 0 2.0134228 0
"bench_hetero3.csv"	1	0.0053479176
1 1 1.4239754 10.811493 -4.922015 6.953457 3.6116698 1 2 7.164235e-10 2 0 0 0 0 1 0 0 2.0134228 0
"bench_hetero3.csv"	2	0.0033522448
1 1 -0.045361096 0.50923543 -0.999975 0.999994 2.8026183 0.028358164 0.070407524 0.0096722582 2 0 0 0 0 1 0 0 2.9994483 0
"bench_hetero3.csv"	1	-0.44987392
1 1 -0.045361096 0.50923543 -0.999975 0.999994 2.8026183 0.028358164 0.070407524 0.0096722582 2 0 0 0 0 1 0 0 2.9994483 0
"bench_hetero3.csv"	3	-0.44987392
1 1 -0.045361096 0.50923543 -0.999975 0.999994 2.8026183 0.028358164 0.070407524 0.0096722582 2 0 0 0 0 1 0 0 2.9994483 0
"bench_hetero3.csv"	4	0.0008017134
1 1 -0.045361096 0.50923543 -0.999975 0.999994 2.8026183 0.028358164 0.070407524 0.0096722582 2 0 0 0 0 1 0 0 2.9994483 0
"bench_hetero3.csv"	1	-0.11033059
1 1 -0.045361096 0.50923543 -0.999975 0.999994 2.8026183 0.028358164 0.070407524 0.0096722582 2 0 0 0 0 1 0 0 2.9994483 0
"bench_hetero3.csv"	3	-0.11033059
1 1 -0.045361096 0.50923543 -0.999975 0.999994 2.8026183 0.028358164 0.070407524 0.0096722582 2 0 0 0 0 1 0 0 2.9994483 0
"bench_hetero3.csv"	11	0.012562145
1 1 1.4239754 10.811493 -4.922015 6.953457 3.6116698 1 2 7.164235e-10 2 0 0 0 0 1 0 0 2.0134228 0
"bench_hetero3.csv"	3	0.012861228
1 1 1.4239754 10.811493 -4.922015 6.953457 3.6116698 1 2 7.164235e-10 2 0 0 0 0 1 0 0 2.0134228 0
"bench_hetero3.csv"	11	0.025412846
1 1 -0.045361096 0.50923543 -0.999975 0.999994 2.8026183 0.028358164 0.070407524 0.0096722582 2 0 0 0 0 1 0 0 2.9994483 0
"bench_hetero3.csv"	3	-0.10052379
1 1 -0.045361096 0.50923543 -0.999975 0.999994 2.8026183 0.028358164 0.070407524 0.0096722582 2 0 0 0 0 1 0 0 2.9994483 0
"bench_hetero3.csv"	1	-0.10052379
1 1 -0.045361096 0.50923543 -0.999975 0.999994 2.8026183 0.028358164 0.070407524 0.0096722582 2 0 0 0 0 1 0 0 2.9994483 0
"bench_hetero3.csv"	4	0.0012888278
1 1 -0.045361096 0.50923543 -0.999975 0.999994 2.8026183 0.028358164 0.070407524 0.0096722582 2 0 0 0 0 1 0 0 2.9994483 0
"bench_hetero3.csv"	2	0.002487818
1 1 -0.045361096 0.50923543 -0.999975 0.999994 2.8026183 0.028358164 0.070407524 0.0096722582 2 0 0 0 0 1 0 0 2.9994483 0
"bench_hetero3.csv"	11	-0.060729053
1 1 -0.045361096 0.50923543 -0.999975 0.999994 2.8026183 0.028358164 0.070407524 0.0096722582 2 0 0 0 0 1 0 0 2.9994483 0
"bench_hetero3.csv"	2	0.029921
1 1 -0.045361096 0.50923543 -0.999975 0.999994 2.8026183 0.028358164 0.070407524 0.0096722582 2 0 0 0 0 1 0 0 2.9994483 0
"bench_hetero3.csv"	1	-0.060729053
1 1 -0.045361096 0.50923543 -0.999975 0.999994 2.8026183 0.028358164 0.070407524 0.0096722582 2 0 0 0 0 1 0 0 2.9994483 0
"bench_hetero3.csv"	3	-0.060729053
1 1 -0.045361096 0.50923543 -0.999975 0.999994 2.8026183 0.028358164 0.070407524 0.0096722582 2 0 0 0 0 1 0 0 2.9994483 0
"bench_hetero3.csv"	3	-0.012204119
1 1 -0.045361096 0.50923543 -0.999975 0.999994 2.8026183 0.028358164 0.070407524 0.0096722582 2 0 0 0 0 1 0 0 2.9994483 0
"bench_hetero3.csv"	1	-0.012204119
1 1 -0.045361096 0.50923543 -0.999975 0.999994 2.8026183 0.028358164 0.070407524 0.0096722582 2 0 0 0 0 1 0 0 2.9994483 0
"bench_hetero3.csv"	2	-0.012204119
1 1 -0.045361096 0.50923543 -0.999975 0.999994 2.8026183 0.028358164 0.070407524 0.0096722582 2 0 0 0 0 1 0 0 2.9994483 0
"bench_hetero3.csv"	11	-0.0048312728
1 1 -0.045361096 0.50923543 -0.999975 0.999994 2.8026183 0.028358164 0.070407524 0.0096722582 2 0 0 0 0 1 0 0 2.9994483 0
"bench_hetero3.csv"	3	-0.0048312728
1 1 -0.045361096 0.50923543 -0.999975 0.999994 2.8026183 0.028358164 0.070407524 0.0096722582 2 0 0 0 0 1 0 0 2.9994483 0
"bench_hetero3.csv"	1	-0.0048312728
1 1 -0.045361096 0.50923543 -0.999975 0.999994 2.8026183 0.028358164 0.070407524 0.0096722582 2 0 0 0 0 1 0 0 2.9994483 0
"bench_hetero3.csv"	4	0.001506602
1 1 -0.045361096 0.50923543 -0.999975 0.999994 2.8026183 0.028358164 0.070407524 0.0096722582 2 0 0 0 0 1 0 0 2.9994483 0
"bench_hetero3.csv"	2	0.0010405822
1 1 -0.045361096 0.50923543 -0.999975 0.999994 2.8026183 0.028358164 0.070407524 0.0096722582 2 0 0 0 0 1 0 0 2.9994483 0
"bench_hetero3.csv"	11	-0.0040062254
1 1 -0.045361096 0.50923543 -0.999975 0.999994 2.8026183 0.028358164 0.070407524 0.0096722582 2 0 0 0 0 1 0 0 2.9994483 0
"bench_stripes20.csv"	1	-0.24622444
1 1 0.53333333 0.24888889 0 1 2.0044593 0.017581119 0.12007965 0.01218416 2 0 0 0 0 1 1 1 460.19328 0
"bench_stripes20.csv"	2	5.4512339e-06
1 1 0.53333333 0.24888889 0 1 2.0044593 0.017581119 0.12007965 0.01218416 2 0 0 0 0 1 1 1 460.19328 0
"bench_stripes20.csv"	5	5.8014527e-06
1 1 0.53333333 0.24888889 0 1 2.0044593 0.017581119 0.12007965 0.01218416 2 0 0 0 0 1 1 1 460.19328 0
"bench_stripes20.csv"	4	5.8014527e-06
1 1 0.53333333 0.24888889 0 1 2.0044593 0.017581119 0.12007965 0.01218416 2 0 0 0 0 1 1 1 460.19328 0
"bench_stripes20.csv"	3	5.3268837e-06
1 1 0.53333333 0.24888889 0 1 2.0044593 0.017581119 0.12007965 0.01218416 2 0 0 0 0 1 1 1 460.19328 0
"bench_stripes20.csv"	2	0.0023026784
1 1 0.53333333 0.24888889 0 1 2.0044593 0.017581119 0.12007965 0.01218416 2 0 0 0 0 1 1 1 460.19328 0
"bench_stripes20.csv"	4	0.000426674
1 1 0.53333333 0.24888889 0 1 2.0044593 0.017581119 0.12007965 0.01218416 2 0 0 0 0 1 1 1 460.19328 0
"bench_stripes20.csv"	3	3.3113414e-07
1 1 0.53333333 0.24888889 0 1 2.0044593 0.017581119 0.12007965 0.01218416 2 0 0 0 0 1 1 1 460.19328 0
"bench_stripes20.csv"	4	0.00011771206
1 1 0.53333333 0.24888889 0 1 2.0044593 0.017581119 0.12007965 0.01218416 2 0 0 0 0 1 1 1 460.19328 0
"bench_stripes20.csv"	3	0.00028320549
1 1 0.53333333 0.24888889 0 1 2.0044593 0.017581119 0.12007965 0.01218416 2 0 0 0 0 1 1 1 460.19328 0
"bench_stripes20.csv"	2	0.00021840096
1 1 0.53333333 0.24888889 0 1 2.0044593 0.017581119 0.12007965 0.01218416 2 0 0 0 0 1 1 1 460.19328 0
"bench_stripes20.csv"	5	3.3766857e-05
1 1 0.53333333 0.24888889 0 1 2.0044593 0.017581119 0.12007965 0.01218416 2 0 0 0 0 1 1 1 460.19328 0
"bench_stripes20.csv"	4	0.0024461631
1 1 0.53333333 0.24888889 0 1 2.0044593 0.017581119 0.12007965 0.01218416 2 0 0 0 0 1 1 1 460.19328 0
"bench_stripes20.csv"	21	0.0060881447
1 1 0.53333333 0.24888889 0 1 2.0044593 0.017581119 0.12007965 0.01218416 2 0 0 0 0 1 1 1 460.19328 0
"bench_stripes20.csv"	2	0.0048688085
1 1 0.53333333 0.24888889 0 1 2.0044593 0.017581119 0.12007965 0.01218416 2 0 0 0 0 1 1 1 460.19328 0
"bench_stripes20.csv"	12	0.0059564838
1 1 0.53333333 0.24888889 0 1 2.0044593 0.017581119 0.12007965 0.01218416 2 0 0 0 0 1 1 1 460.19328 0
"bench_stripes20.csv"	5	0.0034082289
1 1 0.53333333 0.24888889 0 1 2.0044593 0.017581119 0.12007965 0.01218416 2 0 0 0 0 1 1 1 460.19328 0
"bench_stripes20.csv"	14	0.0056229794
1 1 0.53333333 0.24888889 0 1 2.0044593 0.017581119 0.12007965 0.01218416 2 0 0 0 0 1 1 1 460.19328 0
"bench_stripes20.csv"	4	0.0050891814
1 1 0.53333333 0.24888889 0 1 2.0044593 0.017581119 0.12007965 0.01218416 2 0 0 0 0 1 1 1 460.19328 0
"bench_stripes20.csv"	3	0.0027013525
1 1 0.53333333 0.24888889 0 1 2.0044593 0.017581119 0.12007965 0.01218416 2 0 0 0 0 1 1 1 460.19328 0
"bench_stripes20.csv"	5	0.0040830326
1 1 0.53333333 0.24888889 0 1 2.0044593 0.017581119 0.12007965 0.01218416 2 0 0 0 0 1 1 1 460.19328 0
"bench_stripes20.csv"	4	0.0040830326
1 1 0.53333333 0.24888889 0 1 2.0044593 0.017581119 0.12007965 0.01218416 2 0 0 0 0 1 1 1 460.19328 0
"bench_stripes20.csv"	3	0.0039246501
1 1 0.53333333 0.24888889 0 1 2.0044593 0.017581119 0.12007965 0.01218416 2 0 0 0 0 1 1 1 460.19328 0
"bench_stripes20.csv"	1	0.011715571
1 1 0.53333333 0.24888889 0 1 2.0044593 0.017581119 0.12007965 0.01218416 2 0 0 0 0 1 1 1 460.19328 0
"bench_stripes20.csv"	2	0.0047314076
1 1 0.53333333 0.24888889 0 1 2.0044593 0.017581119 0.12007965 0.01218416 2 0 0 0 0 1 1 1 460.19328 0
"bench_stripes20.csv"	5	0.0011195274
1 1 0.53333333 0.24888889 0 1 2.0044593 0.017581119 0.12007965 0.01218416 2 0 0 0 0 1 1 1 460.19328 0
"bench_stripes20.csv"	4	0.0012979571
1 1 0.53333333 0.24888889 0 1 2.0044593 0.017581119 0.12007965 0.01218416 2 0 0 0 0 1 1 1 460.19328 0
"bench_stripes20.csv"	3	0.0013821123
1 1 0.53333333 0.24888889 0 1 2.0044593 0.017581119 0.12007965 0.01218416 2 0 0 0 0 1 1 1 460.19328 0
"bench_stripes20.csv"	2	0.00029822952
1 1 0.53333333 0.24888889 0 1 2.0044593 0.017581119 0.12007965 0.01218416 2 0 0 0 0 1 1 1 460.19328 0
"bench_stripes20.csv"	4	1.2511627e-05
1 1 0.53333333 0.24888889 0 1 2.0044593 0.017581119 0.12007965 0.01218416 2 0 0 0 0 1 1 1 460.19328 0
"bench_stripes20.csv"	21	0.0034169073
1 1 0.53333333 0.24888889 0 1 2.0044593 0.017581119 0.12007965 0.01218416 2 0 0 0 0 1 1 1 460.19328 0
"bench_stripes20.csv"	5	3.0259402e-05
1 1 0.53333333 0.24888889 0 1 2.0044593 0.017581119 0.12007965 0.01218416 2 0 0 0 0 1 1 1 460.19328 0
"bench_stripes20.csv"	4	3.9134944e-05
1 1 0.53333333 0.24888889 0 1 2.0044593 0.017581119 0.12007965 0.01218416 2 0 0 0 0 1 1 1 460.19328 0
"bench_stripes20.csv"	2	0.00046249809
1 1 0.53333333 0.24888889 0 1 2.0044593 0.017581119 0.12007965 0.01218416 2 0 0 0 0 1 1 1 460.19328 0
"bench_stripes20.csv"	5	0.00043804749
1 1 0.53333333 0.24888889 0 1 2.0044593 0.017581119 0.12007965 0.01218416 2 0 0 0 0 1 1 1 460.19328 0
"bench_stripes20.csv"	4	0.00046193851
1 1 0.53333333 0.24888889 0 1 2.0044593 0.017581119 0.12007965 0.01218416 2 0 0 0 0 1 1 1 460.19328 0
"bench_stripes20.csv"	3	5.5097429e-05
1 1 0.53333333 0.24888889 0 1 2.0044593 0.017581119 0.12007965 0.01218416 2 0 0 0 0 1 1 1 460.19328 0
"bench_stripes20.csv"	21	0.00023909304
1 1 0.53333333 0.24888889 0 1 2.0044593 0.017581119 0.12007965 0.01218416 2 0 0 0 0 1 1 1 460.19328 0
"bench_stripes20.csv"	2	0.00023938629
1 1 0.53333333 0.24888889 0 1 2.0044593 0.017581119 0.12007965 0.01218416 2 0 0 0 0 1 1 1 460.19328 0
"bench_stripes20.csv"	5	0.00023923561
1 1 0.53333333 0.24888889 0 1 2.0044593 0.017581119 0.12007965 0.01218416 2 0 0 0 0 1 1 1 460.19328 0
"bench_stripes20.csv"	4	0.00023935348
1 1 0.53333333 0.24888889 0 1 2.0044593 0.017581119 0.12007965 0.01218416 2 0 0 0 0 1 1 1 460.19328 0
"bench_stripes20.csv"	3	0.00023923102
1 1 0.53333333 0.24888889 0 1 2.0044593 0.017581119 0.12007965 0.01218416 2 0 0 0 0 1 1 1 460.19328 0
"bench_stripes20.csv"	1	1.5135726e-07
1 1 0.53333333 0.24888889 0 1 2.0044593 0.017581119 0.12007965 0.01218416 2 0 0 0 0 1 1 1 460.19328 0
"bench_stripes20.csv"	2	1.5135726e-07
1 1 0.53333333 0.24888889 0 1 2.0044593 0.017581119 0.12007965 0.01218416 2 0 0 0 0 1 1 1 460.19328 0
"bench_stripes20.csv"	5	1.5135726e-07
1 1 0.53333333 0.24888889 0 1 2.0044593 0.017581119 0.12007965 0.01218416 2 0 0 0 0 1 1 1 460.19328 0
"bench_stripes20.csv"	4	1.5135726e-07
1 1 0.53333333 0.24888889 0 1 2.0044593 0.017581119 0.12007965 0.01218416 2 0 0 0 0 1 1 1 460.19328 0
"bench_stripes20.csv"	3	1.5135726e-07
1 1 0.53333333 0.24888889 0 1 2.0044593 0.017581119 0.12007965 0.01218416 2 0 0 0 0 1 1 1 460.19328 0
"bench_stripes20.csv"	21	1.5135726e-07
1 1 0.53333333 0.24888889 0 1 2.0044593 0.017581119 0.12007965 0.01218416 2 0 0 0 0 1 1 1 460.19328 0
"bench_stripes20.csv"	1	1.5135726e-07
1 1 0.53333333 0.24888889 0 1 2.0044593 0.017581119 0.12007965 0.01218416 2 0 0 0 0 1 1 1 460.19328 0
"bench_stripes20.csv"	2	1.5135726e-07
1 1 0.53333333 0.24888889 0 1 2.0044593 0.017581119 0.12007965 0.01218416 2 0 0 0 0 1 1 1 460.19328 0
"bench_stripes20.csv"	5	1.5135726e-07
1 1 0.53333333 0.24888889 0 1 2.0044593 0.017581119 0.12007965 0.01218416 2 0 0 0 0 1 1 1 460.19328 0
"bench_stripes20.csv"	4	1.5135726e-07
1 1 0.53333333 0.24888889 0 1 2.0044593 0.017581119 0.12007965 0.01218416 2 0 0 0 0 1 1 1 460.19328 0
"bench_stripes20.csv"	3	1.5135726e-07
1 1 0.53333333 0.24888889 0 1 2.0044593 0.017581119 0.12007965 0.01218416 2 0 0 0 0 1 1 1 460.19328 0
"bench_stripes20.csv"	21	1.5135726e-07
1 1 0.53333333 0.24888889 0 1 2.0044593 0.017581119 0.12007965 0.01218416 2 0 0 0 0 1 1 1 460.19328 0
"bench_stripes20.csv"	1	1.5135726e-07
1 1 0.53333333 0.24888889 0 1 2.0044593 0.017581119 0.12007965 0.01218416 2 0 0 0 0 1 1 1 460.19328 0
"bench_stripes20.csv"	2	1.5135726e-07
1 1 0.53333333 0.24888889 0 1 2.0044593 0.017581119 0.12007965 0.01218416 2 0 0 0 0 1 1 1 460.19328 0
"bench_stripes20.csv"	5	1.5135726e-07
1 1 0.53333333 0.24888889 0 1 2.0044593 0.017581119 0.12007965 0.01218416 2 0 0 0 0 1 1 1 460.19328 0
"bench_stripes20.csv"	4	1.5135726e-07
1 1 0.53333333 0.24888889 0 1 2.0044593 0.017581119 0.12007965 0.01218416 2 0 0 0 0 1 1 1 460.19328 0
"bench_stripes20.csv"	3	1.5135726e-07
1 1 0.53333333 0.24888889 0 1 2.0044593 0.017581119 0.12007965 0.01218416 2 0 0 0 0 1 1 1 460.19328 0
"bench_stripes20.csv"	1	1.5135726e-07
1 1 0.53333333 0.24888889 0 1 2.0044593 0.017581119 0.12007965 0.01218416 2 0 0 0 0 1 1 1 460.19328 0
"bench_stripes20.csv"	2	1.5135726e-07
1 1 0.53333333 0.24888889 0 1 2.0044593 0.017581119 0.12007965 0.01218416 2 0 0 0 0 1 1 1 460.19328 0
"bench_stripes20.csv"	5	1.5135726e-07
1 1 0.53333333 0.24888889 0 1 2.0044593 0.017581119 0.12007965 0.01218416 2 0 0 0 0 1 1 1 460.19328 0
"bench_stripes20.csv"	4	1.5135726e-07
1 1 0.53333333 0.24888889 0 1 2.0044593 0.017581119 0.12007965 0.01218416 2 0 0 0 0 1 1 1 460.19328 0
"bench_stripes20.csv"	3	1.5135726e-07
1 1 0.53333333 0.24888889 0 1 2.0044593 0.017581119 0.12007965 0.01218416 2 0 0 0 0 1 1 1 460.19328 0
"bench_stripes20.csv"	1	1.5135726e-07
1 1 0.53333333 0.24888889 0 1 2.0044593 0.017581119 0.12007965 0.01218416 2 0 0 0 0 1 1 1 460.19328 0
"bench_stripes20.csv"	2	1.5135726e-07
1 1 0.53333333 0.24888889 0 1 2.0044593 0.017581119 0.12007965 0.01218416 2 0 0 0 0 1 1 1 460.19328 0
"bench_stripes20.csv"	5	1.5135726e-07
1 1 0.53333333 0.24888889 0 1 2.0044593 0.017581119 0.12007965 0.01218416 2 0 0 0 0 1 1 1 460.19328 0
"bench_stripes20.csv"	4	1.5135726e-07
1 1 0.53333333 0.24888889 0 1 2.0044593 0.017581119 0.12007965 0.01218416 2 0 0 0 0 1 1 1 460.19328 0
"bench_stripes20.csv"	3	1.5135726e-07
1 1 0.53333333 0.24888889 0 1 2.0044593 0.017581119 0.12007965 0.01218416 2 0 0 0 0 1 1 1 460.19328 0
"bench_stripes20.csv"	1	1.5135726e-07
1 1 0.53333333 0.24888889 0 1 2.0044593 0.017581119 0.12007965 0.01218416 2 0 0 0 0 1 1 1 460.19328 0
"bench_stripes20.csv"	2	1.5135726e-07
1 1 0.53333333 0.24888889 0 1 2.0044593 0.017581119 0.12007965 0.01218416 2 0 0 0 0 1 1 1 460.19328 0
"bench_stripes20.csv"	5	1.5135726e-07
1 1 0.53333333 0.24888889 0 1 2.0044593 0.017581119 0.12007965 0.01218416 2 0 0 0 0 1 1 1 460.19328 0
"bench_stripes20.csv"	4	1.5135726e-07
1 1 0.53333333 0.24888889 0 1 2.0044593 0.017581119 0.12007965 0.01218416 2 0 0 0 0 1 1 1 460.19328 0
"bench_stripes20.csv"	3	1.5135726e-07
1 1 0.53333333 0.24888889 0 1 2.0044593 0.017581119 0.12007965 0.01218416 2 0 0 0 0 1 1 1 460.19328 0
"bench_stripes20.csv"	1	1.5135726e-07
1 1 0.53333333 0.24888889 0 1 2.0044593 0.017581119 0.12007965 0.01218416 2 0 0 0 0 1 1 1 460.19328 0
"bench_stripes20.csv"	2	1.5135726e-07
1 1 0.53333333 0.24888889 0 1 2.0044593 0.017581119 0.12007965 0.01218416 2 0 0 0 0 1 1 1 460.19328 0
"bench_stripes20.csv"	5	1.5135726e-07
1 1 0.53333333 0.24888889 0 1 2.0044593 0.017581119 0.12007965 0.01218416 2 0 0 0 0 1 1 1 460.19328 0
"bench_stripes20.csv"	4	1.5135726e-07
1 1 0.53333333 0.24888889 0 1 2.0044593 0.017581119 0.12007965 0.01218416 2 0 0 0 0 1 1 1 460.19328 0
"bench_stripes20.csv"	3	1.5135726e-07
1 1 0.53333333 0.24888889 0 1 2.0044593 0.017581119 0.12007965 0.01218416 2 0 0 0 0 1 1 1 460.19328 0
"bench_stripes20.csv"	1	1.5135726e-07
1 1 0.53333333 0.24888889 0 1 2.0044593 0.017581119 0.12007965 0.01218416 2 0 0 0 0 1 1 1 460.19328 0
"bench_stripes20.csv"	2	1.5135726e-07
1 1 0.53333333 0.24888889 0 1 2.0044593 0.017581119 0.12007965 0.01218416 2 0 0 0 0 1 1 1 460.19328 0
"bench_stripes20.csv"	5	1.5135726e-07
1 1 0.53333333 0.24888889 0 1 2.0044593 0.017581119 0.12007965 0.01218416 2 0 0 0 0 1 1 1 460.19328 0
"bench_stripes20.csv"	4	1.5135726e-07
1 1 0.53333333 0.24888889 0 1 2.0044593 0.017581119 0.12007965 0.01218416 2 0 0 0 0 1 1 1 460.19328 0
"bench_stripes20.csv"	3	1.5135726e-07
1 1 0.53333333 0.24888889 0 1 2.0044593 0.017581119 0.12007965 0.01218416 2 0 0 0 0 1 1 1 460.19328 0
"bench_stripes20.csv"	1	1.5135726e-07
1 1 0.53333333 0.24888889 0 1 2.0044593 0.017581119 0.12007965 0.01218416 2 0 0 0 0 1 1 1 460.19328 0
"bench_stripes20.csv"	2	1.5135726e-07
1 1 0.53333333 0.24888889 0 1 2.0044593 0.017581119 0.12007965 0.01218416 2 0 0 0 0 1 1 1 460.19328 0
"bench_stripes20.csv"	5	1.5135726e-07
1 1 0.53333333 0.24888889 0 1 2.0044593 0.017581119 0.12007965 0.01218416 2 0 0 0 0 1 1 1 460.19328 0
"bench_stripes20.csv"	4	1.5135726e-07
1 1 0.53333333 0.24888889 0 1 2.0044593 0.017581119 0.12007965 0.01218416 2 0 0 0 0 1 1 1 460.19328 0
"bench_stripes20.csv"	3	1.5135726e-07
1 1 0.53333333 0.24888889 0 1 2.0044593 0.017581119 0.12007965 0.01218416 2 0 0 0 0 1 1 1 460.19328 0
"bench_stripes20.csv"	1	1.5135726e-07
1 1 0.53333333 0.24888889 0 1 2.0044593 0.017581119 0.12007965 0.01218416 2 0 0 0 0 1 1 1 460.19328 0
"bench_stripes20.csv"	2	1.5135726e-07
1 1 0.53333333 0.24888889 0 1 2.0044593 0.017581119 0.12007965 0.01218416 2 0 0 0 0 1 1 1 460.19328 0
"bench_stripes20.csv"	5	1.5135726e-07
1 1 0.53333333 0.24888889 0 1 2.0044593 0.017581119 0.12007965 0.01218416 2 0 0 0 0 1 1 1 460.19328 0
"bench_stripes20.csv"	4	1.5135726e-07
1 1 0.53333333 0.24888889 0 1 2.0044593 0.017581119 0.12007965 0.01218416 2 0 0 0 0 1 1 1 460.19328 0
"bench_stripes20.csv"	3	1.5135726e-07
1 1 0.53333333 0.24888889 0 1 2.0044593 0.017581119 0.12007965 0.01218416 2 0 0 0 0 1 1 1 460.19328 0
"bench_stripes20.csv"	1	1.5135726e-07
1 1 0.53333333 0.24888889 0 1 2.0044593 0.017581119 0.12007965 0.01218416 2 0 0 0 0 1 1 1 460.19328 0
"bench_stripes20.csv"	2	1.5135726e-07
1 1 0.53333333 0.24888889 0 1 2.0044593 0.017581119 0.12007965 0.01218416 2 0 0 0 0 1 1 1 460.19328 0
"bench_stripes20.csv"	5	1.5135726e-07
1 1 0.53333333 0.24888889 0 1 2.0044593 0.017581119 0.12007965 0.01218416 2 0 0 0 0 1 1 1 460.19328 0
"bench_stripes20.csv"	4	1.5135726e-07
1 1 0.53333333 0.24888889 0 1 2.0044593 0.017581119 0.12007965 0.01218416 2 0 0 0 0 1 1 1 460.19328 0
"bench_stripes20.csv"	3	1.5135726e-07
1 1 0.53333333 0.24888889 0 1 2.0044593 0.017581119 0.12007965 0.01218416 2 0 0 0 0 1 1 1 460.19328 0
"bench_stripes20.csv"	1	1.5135726e-07
1 1 0.53333333 0.24888889 0 1 2.0044593 0.017581119 0.12007965 0.01218416 2 0 0 0 0 1 1 1 460.19328 0
"bench_stripes20.csv"	2	1.5135726e-07
1 1 0.53333333 0.24888889 0 1 2.0044593 0.017581119 0.12007965 0.01218416 2 0 0 0 0 1 1 1 460.19328 0
"bench_stripes20.csv"	5	1.5135726e-07
1 1 0.53333333 0.24888889 0 1 2.0044593 0.017581119 0.12007965 0.01218416 2 0 0 0 0 1 1 1 460.19328 0
"bench_stripes20.csv"	4	1.5135726e-07
1 1 0.53333333 0.24888889 0 1 2.0044593 0.017581119 0.12007965 0.01218416 2 0 0 0 0 1 1 1 460.19328 0
"bench_stripes20.csv"	3	1.5135726e-07
1 1 0.53333333 0.24888889 0 1 2.0044593 0.017581119 0.12007965 0.01218416 2 0 0 0 0 1 1 1 460.19328 0
"bench_stripes20.csv"	1	1.5135726e-07
1 1 0.53333333 0.24888889 0 1 2.0044593 0.017581119 0.12007965 0.01218416 2 0 0 0 0 1 1 1 460.19328 0
"bench_stripes20.csv"	2	1.5135726e-07
1 1 0.53333333 0.24888889 0 1 2.0044593 0.017581119 0.12007965 0.01218416 2 0 0 0 0 1 1 1 460.19328 0
"bench_stripes20.csv"	5	1.5135726e-07
1 1 0.53333333 0.24888889 0 1 2.0044593 0.017581119 0.12007965 0.01218416 2 0 0 0 0 1 1 1 460.19328 0
"bench_stripes20.csv"	4	1.5135726e-07
1 1 0.53333333 0.24888889 0 1 2.0044593 0.017581119 0.12007965 0.01218416 2 0 0 0 0 1 1 1 460.19328 0
"bench_stripes20.csv"	3	1.5135726e-07
1 1 0.53333333 0.24888889 0 1 2.0044593 0.017581119 0.12007965 0.01218416 2 0 0 0 0 1 1 1 460.19328 0
"bench_stripes20.csv"	1	1.5135726e-07
1 1 0.53333333 0.24888889 0 1 2.0044593 0.017581119 0.12007965 0.01218416 2 0 0 0 0 1 1 1 460.19328 0
"bench_stripes20.csv"	2	1.5135726e-07
1 1 0.53333333 0.24888889 0 1 2.0044593 0.017581119 0.12007965 0.01218416 2 0 0 0 0 1 1 1 460.19328 0
"bench_stripes20.csv"	5	1.5135726e-07
1 1 0.53333333 0.24888889 0 1 2.0044593 0.017581119 0.12007965 0.01218416 2 0 0 0 0 1 1 1 460.19328 0
"bench_stripes20.csv"	4	1.5135726e-07
1 1 0.53333333 0.24888889 0 1 2.0044593 0.017581119 0.12007965 0.01218416 2 0 0 0 0 1 1 1 460.19328 0
"bench_stripes20.csv"	3	1.5135726e-07
1 1 0.53333333 0.24888889 0 1 2.0044593 0.017581119 0.12007965 0.01218416 2 0 0 0 0 1 1 1 460.19328 0
"bench_stripes20.csv"	1	1.5135726e-07
1 1 0.53333333 0.24888889 0 1 2.0044593 0.017581119 0.12007965 0.01218416 2 0 0 0 0 1 1 1 460.19328 0
"bench_stripes20.csv"	2	1.5135726e-07
1 1 0.53333333 0.24888889 0 1 2.0044593 0.017581119 0.12007965 0.01218416 2 0 0 0 0 1 1 1 460.19328 0
"bench_stripes20.csv"	5	1.5135726e-07
1 1 0.53333333 0.24888889 0 1 2.0044593 0.017581119 0.12007965 0.01218416 2 0 0 0 0 1 1 1 460.19328 0
"bench_stripes20.csv"	4	1.5135726e-07
1 1 0.53333333 0.24888889 0 1 2.0044593 0.017581119 0.12007965 0.01218416 2 0 0 0 0 1 1 1 460.19328 0
"bench_stripes20.csv"	3	1.5135726e-07
1 1 0.53333333 0.24888889 0 1 2.0044593 0.017581119 0.12007965 0.01218416 2 0 0 0 0 1 1 1 460.19328 0
"bench_stripes20.csv"	1	1.5135726e-07
1 1 0.53333333 0.24888889 0 1 2.0044593 0.017581119 0.12007965 0.01218416 2 0 0 0 0 1 1 1 460.19328 0
"bench_stripes20.csv"	2	1.5135726e-07
1 1 0.53333333 0.24888889 0 1 2.0044593 0.017581119 0.12007965 0.01218416 2 0 0 0 0 1 1 1 460.19328 0
"bench_stripes20.csv"	5	1.5135726e-07
1 1 0.53333333 0.24888889 0 1 2.0044593 0.017581119 0.12007965 0.01218416 2 0 0 0 0 1 1 1 460.19328 0
"bench_stripes20.csv"	4	1.5135726e-07
1 1 0.53333333 0.24888889 0 1 2.0044593 0.017581119 0.12007965 0.01218416 2 0 0 0 0 1 1 1 460.19328 0
"bench_stripes20.csv"	3	1.5135726e-07
1 1 0.53333333 0.24888889 0 1 2.0044593 0.017581119 0.12007965 0.01218416 2 0 0 0 0 1 1 1 460.19328 0
"bench_stripes20.csv"	1	1.5135726e-07
1 1 0.53333333 0.24888889 0 1 2.0044593 0.017581119 0.12007965 0.01218416 2 0 0 0 0 1 1 1 460.19328 0
"bench_stripes20.csv"	2	1.5135726e-07
1 1 0.53333333 0.24888889 0 1 2.0044593 0.017581119 0.12007965 0.01218416 2 0 0 0 0 1 1 1 460.19328 0
"bench_stripes20.csv"	5	1.5135726e-07
1 1 0.53333333 0.24888889 0 1 2.0044593 0.017581119 0.12007965 0.01218416 2 0 0 0 0 1 1 1 460.19328 0
"bench_stripes20.csv"	4	1.5135726e-07
1 1 0.53333333 0.24888889 0 1 2.0044593 0.017581119 0.12007965 0.01218416 2 0 0 0 0 1 1 1 460.19328 0
"bench_stripes20.csv"	3	1.5135726e-07
1 1 0.53333333 0.24888889 0 1 2.0044593 0.017581119 0.12007965 0.01218416 2 0 0 0 0 1 1 1 460.19328 0
"bench_stripes20.csv"	1	1.5135726e-07
1 1 0.53333333 0.24888889 0 1 2.0044593 0.017581119 0.12007965 0.01218416 2 0 0 0 0 1 1 1 460.19328 0
"bench_stripes20.csv"	2	1.5135726e-07
1 1 0.53333333 0.24888889 0 1 2.0044593 0.017581119 0.12007965 0.01218416 2 0 0 0 0 1 1 1 460.19328 0
"bench_stripes20.csv"	5	1.5135726e-07
1 1 0.53333333 0.24888889 0 1 2.0044593 0.017581119 0.12007965 0.01218416 2 0 0 0 0 1 1 1 460.19328 0
"bench_stripes20.csv"	4	1.5135726e-07
1 1 0.53333333 0.24888889 0 1 2.0044593 0.017581119 0.12007965 0.01218416 2 0 0 0 0 1 1 1 460.19328 0
"bench_stripes20.csv"	3	1.5135726e-07
1 1 0.53333333 0.24888889 0 1 2.0044593 0.017581119 0.12007965 0.01218416 2 0 0 0 0 1 1 1 460.19328 0
"bench_stripes20.csv"	1	1.5135726e-07
1 1 0.53333333 0.24888889 0 1 2.0044593 0.017581119 0.12007965 0.01218416 2 0 0 0 0 1 1 1 460.19328 0
"bench_stripes20.csv"	2	1.5135726e-07
1 1 0.53333333 0.24888889 0 1 2.0044593 0.017581119 0.12007965 0.01218416 2 0 0 0 0 1 1 1 460.19328 0
"bench_stripes20.csv"	5	1.5135726e-07
1 1 0.53333333 0.24888889 0 1 2.0044593 0.017581119 0.12007965 0.01218416 2 0 0 0 0 1 1 1 460.19328 0
"bench_stripes20.csv"	4	1.5135726e-07
1 1 0.53333333 0.24888889 0 1 2.0044593 0.017581119 0.12007965 0.01218416 2 0 0 0 0 1 1 1 460.19328 0
"bench_stripes20.csv"	3	1.5135726e-07
1 1 0.53333333 0.24888889 0 1 2.0044593 0.017581119 0.12007965 0.01218416 2 0 0 0 0 1 1 1 460.19328 0
"bench_stripes20.csv"	1	1.5135726e-07
1 1 0.53333333 0.24888889 0 1 2.0044593 0.017581119 0.12007965 0.01218416 2 0 0 0 0 1 1 1 460.19328 0
"bench_stripes20.csv"	2	1.5135726e-07
1 1 0.53333333 0.24888889 0 1 2.0044593 0.017581119 0.12007965 0.01218416 2 0 0 0 0 1 1 1 460.19328 0
"bench_stripes20.csv"	5	1.5135726e-07
1 1 0.53333333 0.24888889 0 1 2.0044593 0.017581119 0.12007965 0.01218416 2 0 0 0 0 1 1 1 460.19328 0
"bench_stripes20.csv"	4	1.5135726e-07
1 1 0.53333333 0.24888889 0 1 2.0044593 0.017581119 0.12007965 0.01218416 2 0 0 0 0 1 1 1 460.19328 0
"bench_stripes20.csv"	3	1.5135726e-07
1 1 0.53333333 0.24888889 0 1 2.0044593 0.017581119 0.12007965 0.01218416 2 0 0 0 0 1 1 1 460.19328 0
"bench_stripes20.csv"	1	1.5135726e-07
1 1 0.53333333 0.24888889 0 1 2.0044593 0.017581119 0.12007965 0.01218416 2 0 0 0 0 1 1 1 460.19328 0
"bench_stripes20.csv"	2	1.5135726e-07
1 1 0.53333333 0.24888889 0 1 2.0044593 0.017581119 0.12007965 0.01218416 2 0 0 0 0 1 1 1 460.19328 0
"bench_stripes20.csv"	5	1.5135726e-07
1 1 0.53333333 0.24888889 0 1 2.0044593 0.017581119 0.12007965 0.01218416 2 0 0 0 0 1 1 1 460.19328 0
"bench_stripes20.csv"	4	1.5135726e-07
1 1 0.53333333 0.24888889 0 1 2.0044593 0.017581119 0.12007965 0.01218416 2 0 0 0 0 1 1 1 460.19328 0
"bench_stripes20.csv"	3	1.5135726e-07
1 1 0.53333333 0.24888889 0 1 2.0044593 0.017581119 0.12007965 0.01218416 2 0 0 0 0 1 1 1 460.19328 0
"bench_stripes20.csv"	1	1.5135726e-07
1 1 0.53333333 0.24888889 0 1 2.0044593 0.017581119 0.12007965 0.01218416 2 0 0 0 0 1 1 1 460.19328 0
"bench_stripes20.csv"	2	1.5135726e-07
1 1 0.53333333 0.24888889 0 1 2.0044593 0.017581119 0.12007965 0.01218416 2 0 0 0 0 1 1 1 460.19328 0
"bench_stripes20.csv"	5	1.5135726e-07
1 1 0.53333333 0.24888889 0 1 2.0044593 0.017581119 0.12007965 0.01218416 2 0 0 0 0 1 1 1 460.19328 0
"bench_stripes20.csv"	4	1.5135726e-07
1 1 0.53333333 0.24888889 0 1 2.0044593 0.017581119 0.12007965 0.01218416 2 0 0 0 0 1 1 1 460.19328 0
"bench_stripes20.csv"	3	1.5135726e-07
1 1 0.53333333 0.24888889 0 1 2.0044593 0.017581119 0.12007965 0.01218416 2 0 0 0 0 1 1 1 460.19328 0
"bench_stripes20.csv"	1	1.5135726e-07
1 1 0.53333333 0.24888889 0 1 2.0044593 0.017581119 0.12007965 0.01218416 2 0 0 0 0 1 1 1 460.19328 0
"bench_stripes20.csv"	2	1.5135726e-07
1 1 0.53333333 0.24888889 0 1 2.0044593 0.017581119 0.12007965 0.01218416 2 0 0 0 0 1 1 1 460.19328 0
"bench_stripes20.csv"	5	1.5135726e-07
1 1 0.53333333 0.24888889 0 1 2.0044593 0.017581119 0.12007965 0.01218416 2 0 0 0 0 1 1 1 460.19328 0
"bench_stripes20.csv"	4	1.5135726e-07
1 1 0.53333333 0.24888889 0 1 2.0044593 0.017581119 0.12007965 0.01218416 2 0 0 0 0 1 1 1 460.19328 0
"bench_stripes20.csv"	3	1.5135726e-07
1 1 0.53333333 0.24888889 0 1 2.0044593 0.017581119 0.12007965 0.01218416 2 0 0 0 0 1 1 1 460.19328 0
"bench_stripes20.csv"	1	1.5135726e-07
1 1 0.53333333 0.24888889 0 1 2.0044593 0.017581119 0.12007965 0.01218416 2 0 0 0 0 1 1 1 460.19328 0
"bench_stripes20.csv"	2	1.5135726e-07
1 1 0.53333333 0.24888889 0 1 2.0044593 0.017581119 0.12007965 0.01218416 2 0 0 0 0 1 1 1 460.19328 0
"bench_stripes20.csv"	5	1.5135726e-07
1 1 0.53333333 0.24888889 0 1 2.0044593 0.017581119 0.12007965 0.01218416 2 0 0 0 0 1 1 1 460.19328 0
"bench_stripes20.csv"	4	1.5135726e-07
1 1 0.53333333 0.24888889 0 1 2.0044593 0.017581119 0.12007965 0.01218416 2 0 0 0 0 1 1 1 460.19328 0
"bench_stripes20.csv"	3	1.5135726e-07
1 1 0.53333333 0.24888889 0 1 2.0044593 0.017581119 0.12007965 0.01218416 2 0 0 0 0 1 1 1 460.19328 0
"bench_stripes20.csv"	1	1.5135726e-07
1 1 0.53333333 0.24888889 0 1 2.0044593 0.017581119 0.12007965 0.01218416 2 0 0 0 0 1 1 1 460.19328 0
"bench_stripes20.csv"	2	1.5135726e-07
1 1 0.53333333 0.24888889 0 1 2.0044593 0.017581119 0.12007965 0.01218416 2 0 0 0 0 1 1 1 460.19328 0
"bench_stripes20.csv"	5	1.5135726e-07
1 1 0.53333333 0.24888889 0 1 2.0044593 0.017581119 0.12007965 0.01218416 2 0 0 0 0 1 1 1 460.19328 0
"bench_stripes20.csv"	4	1.5135726e-07
1 1 0.53333333 0.24888889 0 1 2.0044593 0.017581119 0.12007965 0.01218416 2 0 0 0 0 1 1 1 460.19328 0
"bench_stripes20.csv"	3	1.5135726e-07
1 1 0.53333333 0.24888889 0 1 2.0044593 0.017581119 0.12007965 0.01218416 2 0 0 0 0 1 1 1 460.19328 0
"bench_stripes20.csv"	1	1.5135726e-07
1 1 0.53333333 0.24888889 0 1 2.0044593 0.017581119 0.12007965 0.01218416 2 0 0 0 0 1 1 1 460.19328 0
"bench_stripes20.csv"	2	1.5135726e-07
1 1 0.53333333 0.24888889 0 1 2.0044593 0.017581119 0.12007965 0.01218416 2 0 0 0 0 1 1 1 460.19328 0
"bench_stripes20.csv"	5	1.5135726e-07
1 1 0.53333333 0.24888889 0 1 2.0044593 0.017581119 0.12007965 0.01218416 2 0 0 0 0 1 1 1 460.19328 0
"bench_stripes20.csv"	4	1.5135726e-07
1 1 0.53333333 0.24888889 0 1 2.0044593 0.017581119 0.12007965 0.01218416 2 0 0 0 0 1 1 1 460.19328 0
"bench_stripes20.csv"	3	1.5135726e-07
1 1 0.53333333 0.24888889 0 1 2.0044593 0.017581119 0.12007965 0.01218416 2 0 0 0 0 1 1 1 460.19328 0
"bench_stripes20.csv"	1	1.5135726e-07
1 1 0.53333333 0.24888889 0 1 2.0044593 0.017581119 0.12007965 0.01218416 2 0 0 0 0 1 1 1 460.19328 0
"bench_stripes20.csv"	2	1.5135726e-07
1 1 0.53333333 0.24888889 0 1 2.0044593 0.017581119 0.12007965 0.01218416 2 0 0 0 0 1 1 1 460.19328 0
"bench_stripes20.csv"	5	1.5135726e-07
1 1 0.53333333 0.24888889 0 1 2.0044593 0.017581119 0.12007965 0.01218416 2 0 0 0 0 1 1 1 460.19328 0
"bench_stripes20.csv"	4	1.5135726e-07
1 1 0.53333333 0.24888889 0 1 2.0044593 0.017581119 0.12007965 0.01218416 2 0 0 0 0 1 1 1 460.19328 0
"bench_stripes20.csv"	3	1.5135726e-07
1 1 0.53333333 0.24888889 0 1 2.0044593 0.017581119 0.12007965 0.01218416 2 0 0 0 0 1 1 1 460.19328 0
"bench_stripes20.csv"	1	1.5135726e-07
1 1 0.53333333 0.24888889 0 1 2.0044593 0.017581119 0.12007965 0.01218416 2 0 0 0 0 1 1 1 460.19328 0
"bench_stripes20.csv"	2	1.5135726e-07
1 1 0.53333333 0.24888889 0 1 2.0044593 0.017581119 0.12007965 0.01218416 2 0 0 0 0 1 1 1 460.19328 0
"bench_stripes20.csv"	5	1.5135726e-07
1 1 0.53333333 0.24888889 0 1 2.0044593 0.017581119 0.12007965 0.01218416 2 0 0 0 0 1 1 1 460.19328 0
"bench_stripes20.csv"	4	1.5135726e-07
1 1 0.53333333 0.24888889 0 1 2.0044593 0.017581119 0.12007965 0.01218416 2 0 0 0 0 1 1 1 460.19328 0
"bench_stripes20.csv"	3	1.5135726e-07
1 1 0.53333333 0.24888889 0 1 2.0044593 0.017581119 0.12007965 0.01218416 2 0 0 0 0 1 1 1 460.19328 0
"bench_t23_quadratic.csv"	3	0.021660016
2 1 2.4221656 2.394831 0.0473 7.0514 4.5260037 1 8.646264e-06 1.0000031 4 1 1 1 0.050534603 0 1 1 39492 4 2.2997543 2.2274571 2.3144098 2.8240738
"bench_t23_quadratic.csv"	21	0.00022929815
2 1 2.4221656 2.394831 0.0473 7.0514 4.5260037 1 8.646264e-06 1.0000031 4 1 1 1 0.050534603 0 1 1 39492 4 2.2997543 2.2274571 2.3144098 2.8240738
"bench_t23_quadratic.csv"	2	0.0006891205
2 1 2.4221656 2.394831 0.0473 7.0514 4.5260037 1 8.646264e-06 1.0000031 4 1 1 1 0.050534603 0 1 1 39492 4 2.2997543 2.2274571 2.3144098 2.8240738
"bench_t23_quadratic.csv"	12	-0.035357587
2 1 2.4221656 2.394831 0.0473 7.0514 4.5260037 1 8.646264e-06 1.0000031 4 1 1 1 0.050534603 0 1 1 39492 4 2.2997543 2.2274571 2.3144098 2.8240738
"bench_t23_quadratic.csv"	1	-0.035357587
2 1 2.4221656 2.394831 0.0473 7.0514 4.5260037 1 8.646264e-06 1.0000031 4 1 1 1 0.050534603 0 1 1 39492 4 2.2997543 2.2274571 2.3144098 2.8240738
"bench_t31_three_way_product.csv"	18	0.056225783
3 1 -0.14099688 1.9621632 -4.0528 5.4421 6.7783319 0.06208793 0.10228858 0.15136283 8 1 0 2 0.07029128 0 1 0 20318 4 -0.049063636 -0.010702 -0.21811739 -0.33457742
"bench_t31_three_way_product.csv"	12	-1.8875027
3 1 -0.14099688 1.9621632 -4.0528 5.4421 6.7783319 0.06208793 0.10228858 0.15136283 8 1 0 2 0.07029128 0 1 0 20318 4 -0.049063636 -0.010702 -0.21811739 -0.33457742
"bench_t31_three_way_product.csv"	1	-1.8875027
3 1 -0.14099688 1.9621632 -4.0528 5.4421 6.7783319 0.06208793 0.10228858 0.15136283 8 1 0 2 0.07029128 0 1 0 20318 4 -0.049063636 -0.010702 -0.21811739 -0.33457742
"bench_t31_three_way_product.csv"	18	0.17730548
3 1 -0.14099688 1.9621632 -4.0528 5.4421 6.7783319 0.06208793 0.10228858 0.15136283 8 1 0 2 0.07029128 0 1 0 20318 4 -0.049063636 -0.010702 -0.21811739 -0.33457742
"bench_t31_three_way_product.csv"	4	0.045620365
3 1 -0.14099688 1.9621632 -4.0528 5.4421 6.7783319 0.06208793 0.10228858 0.15136283 8 1 0 2 0.07029128 0 1 0 20318 4 -0.049063636 -0.010702 -0.21811739 -0.33457742
"bench_t31_three_way_product.csv"	21	-0.6552382
3 1 -0.14099688 1.9621632 -4.0528 5.4421 6.7783319 0.06208793 0.10228858 0.15136283 8 1 0 2 0.07029128 0 1 0 20318 4 -0.049063636 -0.010702 -0.21811739 -0.33457742
"bench_t31_three_way_product.csv"	3	-0.6552382
3 1 -0.14099688 1.9621632 -4.0528 5.4421 6.7783319 0.06208793 0.10228858 0.15136283 8 1 0 2 0.07029128 0 1 0 20318 4 -0.049063636 -0.010702 -0.21811739 -0.33457742
"bench_t31_three_way_product.csv"	2	0.01720429
3 1 -0.14099688 1.9621632 -4.0528 5.4421 6.7783319 0.06208793 0.10228858 0.15136283 8 1 0 2 0.07029128 0 1 0 20318 4 -0.049063636 -0.010702 -0.21811739 -0.33457742
"bench_t31_three_way_product.csv"	12	-0.6552382
3 1 -0.14099688 1.9621632 -4.0528 5.4421 6.7783319 0.06208793 0.10228858 0.15136283 8 1 0 2 0.07029128 0 1 0 20318 4 -0.049063636 -0.010702 -0.21811739 -0.33457742
"bench_t31_three_way_product.csv"	1	-0.6552382
3 1 -0.14099688 1.9621632 -4.0528 5.4421 6.7783319 0.06208793 0.10228858 0.15136283 8 1 0 2 0.07029128 0 1 0 20318 4 -0.049063636 -0.010702 -0.21811739 -0.33457742
