"bench_hetero3.csv"	3	0.00013490842
1 1 1.4239754 10.811493 -4.922015 6.953457 3.6116698 1 2 7.164235e-10 2 0 0 0 0 1 0 0 2.0134228 0
"bench_hetero3.csv"	1	-0.51175841
1 1 1.4239754 10.811493 -4.922015 6.953457 3.6116698 1 2 7.164235e-10 2 0 0 0 0 1 0 0 2.0134228 0
"bench_hetero3.csv"	12	-0.51175841
1 1 1.4239754 10.811493 -4.922015 6.953457 3.6116698 1 2 7.164235e-10 2 0 0 0 0 1 0 0 2.0134228 0
"bench_hetero3.csv"	4	0.00014047246
1 1 1.4239754 10.811493 -4.922015 6.953457 3.6116698 1 2 7.164235e-10 2 0 0 0 0 1 0 0 2.0134228 0
"bench_hetero3.csv"	21	-0.51175841
1 1 1.4239754 10.811493 -4.922015 6.953457 3.6116698 1 2 7.164235e-10 2 0 0 0 0 1 0 0 2.0134228 0
"bench_hetero3.csv"	12	0.022270701
1 1 -0.045361096 0.50923543 -0.999975 0.999994 2.8026183 0.028358164 0.070407524 0.0096722582 2 0 0 0 0 1 0 0 2.9994483 0
"bench_hetero3.csv"	3	0.00081353505
1 1 1.4239754 10.811493 -4.922015 6.953457 3.6116698 1 2 7.164235e-10 2 0 0 0 0 1 0 0 2.0134228 0
"bench_hetero3.csv"	1	0.025020882
1 1 1.4239754 10.811493 -4.922015 6.953457 3.6116698 1 2 7.164235e-10 2 0 0 0 0 1 0 0 2.0134228 0
"bench_hetero3.csv"	12	-0.45008902
1 1 1.4239754 10.811493 -4.922015 6.953457 3.6116698 1 2 7.164235e-10 2 0 0 0 0 1 0 0 2.0134228 0
"bench_hetero3.csv"	21	0.065381633
1 1 1.4239754 10.811493 -4.922015 6.953457 3.6116698 1 2 7.164235e-10 2 0 0 0 0 1 0 0 2.0134228 0
"bench_hetero3.csv"	2	0.00014478359
1 1 1.4239754 10.811493 -4.922015 6.953457 3.6116698 1 2 7.164235e-10 2 0 0 0 0 1 0 0 2.0134228 0
"bench_hetero3.csv"	3	-0.45001184
1 1 1.4239754 10.811493 -4.922015 6.953457 3.6116698 1 2 7.164235e-10 2 0 0 0 0 1 0 0 2.0134228 0
"bench_hetero3.csv"	1	0.0024725018
1 1 1.4239754 10.811493 -4.922015 6.953457 3.6116698 1 2 7.164235e-10 2 0 0 0 0 1 0 0 2.0134228 0
"bench_hetero3.csv"	4	0.0010943626
1 1 1.4239754 10.811493 -4.922015 6.953457 3.6116698 1 2 7.164235e-10 2 0 0 0 0 1 0 0 2.0134228 0
"bench_hetero3.csv"	2	0.00036832856
1 1 1.4239754 10.811493 -4.922015 6.953457 3.6116698 1 2 7.164235e-10 2 0 0 0 0 1 0 0 2.0134228 0
"bench_hetero3.csv"	3	0.048487608
1 1 1.4239754 10.811493 -4.922015 6.953457 3.6116698 1 2 7.164235e-10 2 0 0 0 0 1 0 0 2.0134228 0
"bench_hetero3.csv"	3	0.0001235635
1 1 1.4239754 10.811493 -4.922015 6.953457 3.6116698 1 2 7.164235e-10 2 0 0 0 0 1 0 0 2.0134228 0
"bench_hetero3.csv"	1	0.00034294455
1 1 1.4239754 10.811493 -4.922015 6.953457 3.6116698 1 2 7.164235e-10 2 0 0 0 0 1 0 0 2.0134228 0
"bench_hetero3.csv"	4	6.3254967e-06
1 1 1.4239754 10.811493 -4.922015 6.953457 3.6116698 1 2 7.164235e-10 2 0 0 0 0 1 0 0 2.0134228 0
"bench_hetero3.csv"	2	0.00064377989
1 1 1.4239754 10.811493 -4.922015 6.953457 3.6116698 1 2 7.164235e-10 2 0 0 0 0 1 0 0 2.0134228 0
"bench_hetero3.csv"	3	0.054588212
1 1 1.4239754 10.811493 -4.922015 6.953457 3.6116698 1 2 7.164235e-10 2 0 0 0 0 1 0 0 2.0134228 0
"bench_hetero3.csv"	1	0.022815994
1 1 1.4239754 10.811493 -4.922015 6.953457 3.6116698 1 2 7.164235e-10 2 0 0 0 0 1 0 0 2.0134228 0
"bench_hetero3.csv"	4	0.00023602463
1 1 1.4239754 10.811493 -4.922015 6.953457 3.6116698 1 2 7.164235e-10 2 0 0 0 0 1 0 0 2.0134228 0
"bench_hetero3.csv"	2	6.519601e-05
1 1 1.4239754 10.811493 -4.922015 6.953457 3.6116698 1 2 7.164235e-10 2 0 0 0 0 1 0 0 2.0134228 0
"bench_hetero3.csv"	3	0.048342067
1 1 1.4239754 10.811493 -4.922015 6.953457 3.6116698 1 2 7.164235e-10 2 0 0 0 0 1 0 0 2.0134228 0
"bench_hetero3.csv"	1	0.013540484
1 1 1.4239754 10.811493 -4.922015 6.953457 3.6116698 1 2 7.164235e-10 2 0 0 0 0 1 0 0 2.0134228 0
"bench_hetero3.csv"	3	0.0021117026
1 1 1.4239754 10.811493 -4.922015 6.953457 3.6116698 1 2 7.164235e-10 2 0 0 0 0 1 0 0 2.0134228 0
"bench_hetero3.csv"	1	0.0092430016
1 1 1.4239754 10.811493 -4.922015 6.953457 3.6116698 1 2 7.164235e-10 2 0 0 0 0 1 0 0 2.0134228 0
"bench_hetero3.csv"	3	9.2555708e-05
1 1 1.4239754 10.811493 -4.922015 6.953457 3.6116698 1 2 7.164235e-10 2 0 0 0 0 1 0 0 2.0134228 0
"bench_hetero3.csv"	1	0.0025457286
1 1 1.4239754 10.811493 -4.922015 6.953457 3.6116698 1 2 7.164235e-10 2 0 0 0 0 1 0 0 2.0134228 0
"bench_hetero3.csv"	12	-0.44987316
1 1 1.4239754 10.811493 -4.922015 6.953457 3.6116698 1 2 7.164235e-10 2 0 0 0 0 1 0 0 2.0134228 0
"bench_hetero3.csv"	4	5.6586705e-06
1 1 1.4239754 10.811493 -4.922015 6.953457 3.6116698 1 2 7.164235e-10 2 0 0 0 0 1 0 0 2.0134228 0
"bench_hetero3.csv"	21	-0.44987316
1 1 1.4239754 10.811493 -4.922015 6.953457 3.6116698 1 2 7.164235e-10 2 0 0 0 0 1 0 0 2.0134228 0
"bench_hetero3.csv"	2	6.5061777e-05
1 1 1.4239754 10.811493 -4.922015 6.953457 3.6116698 1 2 7.164235e-10 2 0 0 0 0 1 0 0 2.0134228 0
"bench_hetero3.csv"	3	0.0004367248
1 1 1.4239754 10.811493 -4.922015 6.953457 3.6116698 1 2 7.164235e-10 2 0 0 0 0 1 0 0 2.0134228 0
"bench_hetero3.csv"	1	0.00021333745
1 1 1.4239754 10.811493 -4.922015 6.953457 3.6116698 1 2 7.164235e-10 2 0 0 0 0 1 0 0 2.0134228 0
"bench_hetero3.csv"	3	2.2001998e-05
1 1 1.4239754 10.811493 -4.922015 6.953457 3.6116698 1 2 7.164235e-10 2 0 0 0 0 1 0 0 2.0134228 0
"bench_hetero3.csv"	1	0.0010299159
1 1 1.4239754 10.811493 -4.922015 6.953457 3.6116698 1 2 7.164235e-10 2 0 0 0 0 1 0 0 2.0134228 0
"bench_hetero3.csv"	4	0.00037302584
1 1 1.4239754 10.811493 -4.922015 6.953457 3.6116698 1 2 7.164235e-10 2 0 0 0 0 1 0 0 2.0134228 0
"bench_hetero3.csv"	2	0.00010528902
1 1 1.4239754 10.811493 -4.922015 6.953457 3.6116698 1 2 7.164235e-10 2 0 0 0 0 1 0 0 2.0134228 0
"bench_hetero3.csv"	1	1.8771015e-05
1 1 1.4239754 10.811493 -4.922015 6.953457 3.6116698 1 2 7.164235e-10 2 0 0 0 0 1 0 0 2.0134228 0
"bench_hetero3.csv"	12	-0.44998436
1 1 1.4239754 10.811493 -4.922015 6.953457 3.6116698 1 2 7.164235e-10 2 0 0 0 0 1 0 0 2.0134228 0
"bench_hetero3.csv"	21	-0.44998436
1 1 1.4239754 10.811493 -4.922015 6.953457 3.6116698 1 2 7.164235e-10 2 0 0 0 0 1 0 0 2.0134228 0
"bench_hetero3.csv"	2	2.8876192e-05
1 1 1.4239754 10.811493 -4.922015 6.953457 3.6116698 1 2 7.164235e-10 2 0 0 0 0 1 0 0 2.0134228 0
"bench_hetero3.csv"	1	0.022983619
1 1 1.4239754 10.811493 -4.922015 6.953457 3.6116698 1 2 7.164235e-10 2 0 0 0 0 1 0 0 2.0134228 0
"bench_hetero3.csv"	4	1.4453987e-05
1 1 1.4239754 10.811493 -4.922015 6.953457 3.6116698 1 2 7.164235e-10 2 0 0 0 0 1 0 0 2.0134228 0
"bench_hetero3.csv"	2	0.00031807928
1 1 1.4239754 10.811493 -4.922015 6.953457 3.6116698 1 2 7.164235e-10 2 0 0 0 0 1 0 0 2.0134228 0
"bench_hetero3.csv"	3	0.0011662957
1 1 1.4239754 10.811493 -4.922015 6.953457 3.6116698 1 2 7.164235e-10 2 0 0 0 0 1 0 0 2.0134228 0
"bench_hetero3.csv"	1	0.00375548
1 1 1.4239754 10.811493 -4.922015 6.953457 3.6116698 1 2 7.164235e-10 2 0 0 0 0 1 0 0 2.0134228 0
"bench_hetero3.csv"	4	5.354092e-05
1 1 1.4239754 10.811493 -4.922015 6.953457 3.6116698 1 2 7.164235e-10 2 0 0 0 0 1 0 0 2.0134228 0
"bench_hetero3.csv"	2	1.7527988e-05
1 1 1.4239754 10.811493 -4.922015 6.953457 3.6116698 1 2 7.164235e-10 2 0 0 0 0 1 0 0 2.0134228 0
"bench_hetero3.csv"	1	-0.44987121
1 1 1.4239754 10.811493 -4.922015 6.953457 3.6116698 1 2 7.164235e-10 2 0 0 0 0 1 0 0 2.0134228 0
"bench_hetero3.csv"	3	0.00047015108
1 1 1.4239754 10.811493 -4.922015 6.953457 3.6116698 1 2 7.164235e-10 2 0 0 0 0 1 0 0 2.0134228 0
"bench_hetero3.csv"	4	5.3441968e-06
1 1 1.4239754 10.811493 -4.922015 6.953457 3.6116698 1 2 7.164235e-10 2 0 0 0 0 1 0 0 2.0134228 0
"bench_hetero3.csv"	2	5.4925195e-06
1 1 1.4239754 10.811493 -4.922015 6.953457 3.6116698 1 2 7.164235e-10 2 0 0 0 0 1 0 0 2.0134228 0
"bench_hetero3.csv"	1	-0.44997046
1 1 1.4239754 10.811493 -4.922015 6.953457 3.6116698 1 2 7.164235e-10 2 0 0 0 0 1 0 0 2.0134228 0
"bench_hetero3.csv"	2	0.010877864
1 1 1.4239754 10.811493 -4.922015 6.953457 3.6116698 1 2 7.164235e-10 2 0 0 0 0 1 0 0 2.0134228 0
"bench_hetero3.csv"	3	4.1581241e-05
1 1 1.4239754 10.811493 -4.922015 6.953457 3.6116698 1 2 7.164235e-10 2 0 0 0 0 1 0 0 2.0134228 0
"bench_hetero3.csv"	12	-0.44986285
1 1 1.4239754 10.811493 -4.922015 6.953457 3.6116698 1 2 7.164235e-10 2 0 0 0 0 1 0 0 2.0134228 0
"bench_hetero3.csv"	4	5.3834488e-06
1 1 1.4239754 10.811493 -4.922015 6.953457 3.6116698 1 2 7.164235e-10 2 0 0 0 0 1 0 0 2.0134228 0
"bench_hetero3.csv"	21	1.1929187e-05
1 1 1.4239754 10.811493 -4.922015 6.953457 3.6116698 1 2 7.164235e-10 2 0 0 0 0 1 0 0 2.0134228 0
"bench_hetero3.csv"	3	3.3644355e-05
1 1 1.4239754 10.811493 -4.922015 6.953457 3.6116698 1 2 7.164235e-10 2 0 0 0 0 1 0 0 2.0134228 0
"bench_hetero3.csv"	1	-0.44986465
1 1 1.4239754 10.811493 -4.922015 6.953457 3.6116698 1 2 7.164235e-10 2 0 0 0 0 1 0 0 2.0134228 0
"bench_hetero3.csv"	4	2.6212639e-05
1 1 1.4239754 10.811493 -4.922015 6.953457 3.6116698 1 2 7.164235e-10 2 0 0 0 0 1 0 0 2.0134228 0
"bench_hetero3.csv"	2	0.014523681
1 1 1.4239754 10.811493 -4.922015 6.953457 3.6116698 1 2 7.164235e-10 2 0 0 0 0 1 0 0 2.0134228 0
"bench_hetero3.csv"	3	1.170036e-05
1 1 1.4239754 10.811493 -4.922015 6.953457 3.6116698 1 2 7.164235e-10 2 0 0 0 0 1 0 0 2.0134228 0
"bench_hetero3.csv"	1	0.0090970709
1 1 1.4239754 10.811493 -4.922015 6.953457 3.6116698 1 2 7.164235e-10 2 0 0 0 0 1 0 0 2.0134228 0
"bench_hetero3.csv"	3	0.00048293314
1 1 1.4239754 10.811493 -4.922015 6.953457 3.6116698 1 2 7.164235e-10 2 0 0 0 0 1 0 0 2.0134228 0
"bench_hetero3.csv"	1	0.0032665698
1 1 1.4239754 10.811493 -4.922015 6.953457 3.6116698 1 2 7.164235e-10 2 0 0 0 0 1 0 0 2.0134228 0
"bench_hetero3.csv"	3	0.00014185008
1 1 1.4239754 10.811493 -4.922015 6.953457 3.6116698 1 2 7.164235e-10 2 0 0 0 0 1 0 0 2.0134228 0
"bench_hetero3.csv"	12	-0.44986561
1 1 1.4239754 10.811493 -4.922015 6.953457 3.6116698 1 2 7.164235e-10 2 0 0 0 0 1 0 0 2.0134228 0
"bench_hetero3.csv"	4	2.4545121e-05
1 1 1.4239754 10.811493 -4.922015 6.953457 3.6116698 1 2 7.164235e-10 2 0 0 0 0 1 0 0 2.0134228 0
"bench_hetero3.csv"	21	-0.44986561
1 1 1.4239754 10.811493 -4.922015 6.953457 3.6116698 1 2 7.164235e-10 2 0 0 0 0 1 0 0 2.0134228 0
"bench_hetero3.csv"	2	5.9099037e-06
1 1 1.4239754 10.811493 -4.922015 6.953457 3.6116698 1 2 7.164235e-10 2 0 0 0 0 1 0 0 2.0134228 0
"bench_hetero3.csv"	3	0.00073025913
1 1 1.4239754 10.811493 -4.922015 6.953457 3.6116698 1 2 7.164235e-10 2 0 0 0 0 1 0 0 2.0134228 0
"bench_hetero3.csv"	1	0.00017234125
1 1 1.4239754 10.811493 -4.922015 6.953457 3.6116698 1 2 7.164235e-10 2 0 0 0 0 1 0 0 2.0134228 0
"bench_hetero3.csv"	3	0.0002082597
1 1 1.4239754 10.811493 -4.922015 6.953457 3.6116698 1 2 7.164235e-10 2 0 0 0 0 1 0 0 2.0134228 0
"bench_hetero3.csv"	1	-0.44988927
1 1 1.4239754 10.811493 -4.922015 6.953457 3.6116698 1 2 7.164235e-10 2 0 0 0 0 1 0 0 2.0134228 0
"bench_hetero3.csv"	3	8.0497015e-06
1 1 1.4239754 10.811493 -4.922015 6.953457 3.6116698 1 2 7.164235e-10 2 0 0 0 0 1 0 0 2.0134228 0
"bench_hetero3.csv"	12	-0.44986675
1 1 1.4239754 10.811493 -4.922015 6.953457 3.6116698 1 2 7.164235e-10 2 0 0 0 0 1 0 0 2.0134228 0
"bench_hetero3.csv"	4	7.4288919e-06
1 1 1.4239754 10.811493 -4.922015 6.953457 3.6116698 1 2 7.164235e-10 2 0 0 0 0 1 0 0 2.0134228 0
"bench_hetero3.csv"	21	0.0060436252
1 1 1.4239754 10.811493 -4.922015 6.953457 3.6116698 1 2 7.164235e-10 2 0 0 0 0 1 0 0 2.0134228 0
"bench_hetero3.csv"	2	0.00017590468
1 1 1.4239754 10.811493 -4.922015 6.953457 3.6116698 1 2 7.164235e-10 2 0 0 0 0 1 0 0 2.0134228 0
"bench_hetero3.csv"	3	0.00022012149
1 1 1.4239754 10.811493 -4.922015 6.953457 3.6116698 1 2 7.164235e-10 2 0 0 0 0 1 0 0 2.0134228 0
"bench_hetero3.csv"	4	0.00058032766
1 1 1.4239754 10.811493 -4.922015 6.953457 3.6116698 1 2 7.164235e-10 2 0 0 0 0 1 0 0 2.0134228 0
"bench_hetero3.csv"	2	0.0001104033
1 1 1.4239754 10.811493 -4.922015 6.953457 3.6116698 1 2 7.164235e-10 2 0 0 0 0 1 0 0 2.0134228 0
"bench_hetero3.csv"	3	7.3329208e-06
1 1 1.4239754 10.811493 -4.922015 6.953457 3.6116698 1 2 7.164235e-10 2 0 0 0 0 1 0 0 2.0134228 0
"bench_hetero3.csv"	3	9.5274535e-05
1 1 1.4239754 10.811493 -4.922015 6.953457 3.6116698 1 2 7.164235e-10 2 0 0 0 0 1 0 0 2.0134228 0
"bench_hetero3.csv"	2	7.66805e-05
1 1 1.4239754 10.811493 -4.922015 6.953457 3.6116698 1 2 7.164235e-10 2 0 0 0 0 1 0 0 2.0134228 0
"bench_hetero3.csv"	3	0.00010543076
1 1 1.4239754 10.811493 -4.922015 6.953457 3.6116698 1 2 7.164235e-10 2 0 0 0 0 1 0 0 2.0134228 0
"bench_hetero3.csv"	12	-0.44986982
1 1 1.4239754 10.811493 -4.922015 6.953457 3.6116698 1 2 7.164235e-10 2 0 0 0 0 1 0 0 2.0134228 0
"bench_hetero3.csv"	21	3.9980271e-05
1 1 1.4239754 10.811493 -4.922015 6.953457 3.6116698 1 2 7.164235e-10 2 0 0 0 0 1 0 0 2.0134228 0
"bench_hetero3.csv"	2	0.00025096966
1 1 1.4239754 10.811493 -4.922015 6.953457 3.6116698 1 2 7.164235e-10 2 0 0 0 0 1 0 0 2.0134228 0
"bench_hetero3.csv"	2	0.047842822
1 1 -0.045361096 0.50923543 -0.999975 0.999994 2.8026183 0.028358164 0.070407524 0.0096722582 2 0 0 0 0 1 0 0 2.9994483 0
"bench_hetero3.csv"	1	-0.44986982
1 1 -0.045361096 0.50923543 -0.999975 0.999994 2.8026183 0.028358164 0.070407524 0.0096722582 2 0 0 0 0 1 0 0 2.9994483 0
"bench_hetero3.csv"	1	-0.25525535
1 1 -0.045361096 0.50923543 -0.999975 0.999994 2.8026183 0.028358164 0.070407524 0.0096722582 2 0 0 0 0 1 0 0 2.9994483 0
"bench_hetero3.csv"	3	-0.25525535
1 1 -0.045361096 0.50923543 -0.999975 0.999994 2.8026183 0.028358164 0.070407524 0.0096722582 2 0 0 0 0 1 0 0 2.9994483 0
"bench_hetero3.csv"	12	-0.24685305
1 1 1.4239754 10.811493 -4.922015 6.953457 3.6116698 1 2 7.164235e-10 2 0 0 0 0 1 0 0 2.0134228 0
"bench_hetero3.csv"	2	6.766308e-05
1 1 1.4239754 10.811493 -4.922015 6.953457 3.6116698 1 2 7.164235e-10 2 0 0 0 0 1 0 0 2.0134228 0
"bench_hetero3.csv"	3	0.00015284901
1 1 1.4239754 10.811493 -4.922015 6.953457 3.6116698 1 2 7.164235e-10 2 0 0 0 0 1 0 0 2.0134228 0
"bench_hetero3.csv"	3	5.311663e-05
1 1 1.4239754 10.811493 -4.922015 6.953457 3.6116698 1 2 7.164235e-10 2 0 0 0 0 1 0 0 2.0134228 0
"bench_hetero3.csv"	1	1.2649524e-05
1 1 1.4239754 10.811493 -4.922015 6.953457 3.6116698 1 2 7.164235e-10 2 0 0 0 0 1 0 0 2.0134228 0
"bench_hetero3.csv"	2	4.9451508e-05
1 1 1.4239754 10.811493 -4.922015 6.953457 3.6116698 1 2 7.164235e-10 2 0 0 0 0 1 0 0 2.0134228 0
"bench_hetero3.csv"	3	0.0001992938
1 1 1.4239754 10.811493 -4.922015 6.953457 3.6116698 1 2 7.164235e-10 2 0 0 0 0 1 0 0 2.0134228 0
"bench_hetero3.csv"	2	0.00024481549
1 1 1.4239754 10.811493 -4.922015 6.953457 3.6116698 1 2 7.164235e-10 2 0 0 0 0 1 0 0 2.0134228 0
"bench_hetero3.csv"	2	7.5016446e-05
1 1 1.4239754 10.811493 -4.922015 6.953457 3.6116698 1 2 7.164235e-10 2 0 0 0 0 1 0 0 2.0134228 0
"bench_hetero3.csv"	3	-0.24670953
1 1 -0.045361096 0.50923543 -0.999975 0.999994 2.8026183 0.028358164 0.070407524 0.0096722582 2 0 0 0 0 1 0 0 2.9994483 0
"bench_hetero3.csv"	1	0.0050919434
1 1 -0.045361096 0.50923543 -0.999975 0.999994 2.8026183 0.028358164 0.070407524 0.0096722582 2 0 0 0 0 1 0 0 2.9994483 0
"bench_hetero3.csv"	2	0.0010865597
1 1 -0.045361096 0.50923543 -0.999975 0.999994 2.8026183 0.028358164 0.070407524 0.0096722582 2 0 0 0 0 1 0 0 2.9994483 0
"bench_hetero3.csv"	12	-0.24670953
1 1 -0.045361096 0.50923543 -0.999975 0.999994 2.8026183 0.028358164 0.070407524 0.0096722582 2 0 0 0 0 1 0 0 2.9994483 0
"bench_hetero3.csv"	1	-0.24670953
1 1 -0.045361096 0.50923543 -0.999975 0.999994 2.8026183 0.028358164 0.070407524 0.0096722582 2 0 0 0 0 1 0 0 2.9994483 0
"bench_hetero3.csv"	3	2.0055503e-06
1 1 -0.045361096 0.50923543 -0.999975 0.999994 2.8026183 0.028358164 0.070407524 0.0096722582 2 0 0 0 0 1 0 0 2.9994483 0
"bench_hetero3.csv"	3	-0.02214922
1 1 -0.045361096 0.50923543 -0.999975 0.999994 2.8026183 0.028358164 0.070407524 0.0096722582 2 0 0 0 0 1 0 0 2.9994483 0
"bench_hetero3.csv"	2	0.00054209124
1 1 -0.045361096 0.50923543 -0.999975 0.999994 2.8026183 0.028358164 0.070407524 0.0096722582 2 0 0 0 0 1 0 0 2.9994483 0
"bench_hetero3.csv"	2	-0.020951543
1 1 -0.045361096 0.50923543 -0.999975 0.999994 2.8026183 0.028358164 0.070407524 0.0096722582 2 0 0 0 0 1 0 0 2.9994483 0
"bench_hetero3.csv"	11	-0.028306796
1 1 1.4239754 10.811493 -4.922015 6.953457 3.6116698 1 2 7.164235e-10 2 0 0 0 0 1 0 0 2.0134228 0
"bench_hetero3.csv"	11	-0.028306796
1 1 1.4239754 10.811493 -4.922015 6.953457 3.6116698 1 2 7.164235e-10 2 0 0 0 0 1 0 0 2.0134228 0
"bench_hetero3.csv"	3	0.0044542128
1 1 1.4239754 10.811493 -4.922015 6.953457 3.6116698 1 2 7.164235e-10 2 0 0 0 0 1 0 0 2.0134228 0
"bench_hetero3.csv"	2	0.0044507272
1 1 1.4239754 10.811493 -4.922015 6.953457 3.6116698 1 2 7.164235e-10 2 0 0 0 0 1 0 0 2.0134228 0
"bench_hetero3.csv"	11	-0.032256645
1 1 1.4239754 10.811493 -4.922015 6.953457 3.6116698 1 2 7.164235e-10 2 0 0 0 0 1 0 0 2.0134228 0
"bench_hetero3.csv"	11	-0.032256645
1 1 1.4239754 10.811493 -4.922015 6.953457 3.6116698 1 2 7.164235e-10 2 0 0 0 0 1 0 0 2.0134228 0
"bench_hetero3.csv"	3	0.0061904552
1 1 1.4239754 10.811493 -4.922015 6.953457 3.6116698 1 2 7.164235e-10 2 0 0 0 0 1 0 0 2.0134228 0
"bench_hetero3.csv"	4	0.0061900248
1 1 1.4239754 10.811493 -4.922015 6.953457 3.6116698 1 2 7.164235e-10 2 0 0 0 0 1 0 0 2.0134228 0
"bench_hetero3.csv"	7	0.0073497685
1 1 1.4239754 10.811493 -4.922015 6.953457 3.6116698 1 2 7.164235e-10 2 0 0 0 0 1 0 0 2.0134228 0
"bench_hetero3.csv"	2	0.0061789051
1 1 1.4239754 10.811493 -4.922015 6.953457 3.6116698 1 2 7.164235e-10 2 0 0 0 0 1 0 0 2.0134228 0
"bench_hetero3.csv"	11	-0.033266952
1 1 1.4239754 10.811493 -4.922015 6.953457 3.6116698 1 2 7.164235e-10 2 0 0 0 0 1 0 0 2.0134228 0
"bench_hetero3.csv"	11	-0.033266952
1 1 1.4239754 10.811493 -4.922015 6.953457 3.6116698 1 2 7.164235e-10 2 0 0 0 0 1 0 0 2.0134228 0
"bench_hetero3.csv"	3	0.006527526
1 1 1.4239754 10.811493 -4.922015 6.953457 3.6116698 1 2 7.164235e-10 2 0 0 0 0 1 0 0 2.0134228 0
"bench_hetero3.csv"	4	0.0065117251
1 1 1.4239754 10.811493 -4.922015 6.953457 3.6116698 1 2 7.164235e-10 2 0 0 0 0 1 0 0 2.0134228 0
"bench_hetero3.csv"	7	0.0069570553
1 1 1.4239754 10.811493 -4.922015 6.953457 3.6116698 1 2 7.164235e-10 2 0 0 0 0 1 0 0 2.0134228 0
"bench_hetero3.csv"	2	0.0065186676
1 1 1.4239754 10.811493 -4.922015 6.953457 3.6116698 1 2 7.164235e-10 2 0 0 0 0 1 0 0 2.0134228 0
"bench_hetero3.csv"	11	-0.033994591
1 1 1.4239754 10.811493 -4.922015 6.953457 3.6116698 1 2 7.164235e-10 2 0 0 0 0 1 0 0 2.0134228 0
"bench_hetero3.csv"	11	-0.033994591
1 1 1.4239754 10.811493 -4.922015 6.953457 3.6116698 1 2 7.164235e-10 2 0 0 0 0 1 0 0 2.0134228 0
"bench_hetero3.csv"	3	0.0057668566
1 1 1.4239754 10.811493 -4.922015 6.953457 3.6116698 1 2 7.164235e-10 2 0 0 0 0 1 0 0 2.0134228 0
"bench_hetero3.csv"	4	0.0058069397
1 1 1.4239754 10.811493 -4.922015 6.953457 3.6116698 1 2 7.164235e-10 2 0 0 0 0 1 0 0 2.0134228 0
"bench_hetero3.csv"	7	0.0075431749
1 1 1.4239754 10.811493 -4.922015 6.953457 3.6116698 1 2 7.164235e-10 2 0 0 0 0 1 0 0 2.0134228 0
"bench_hetero3.csv"	2	0.0057839517
1 1 1.4239754 10.811493 -4.922015 6.953457 3.6116698 1 2 7.164235e-10 2 0 0 0 0 1 0 0 2.0134228 0
"bench_hetero3.csv"	3	0.0046899181
1 1 1.4239754 10.811493 -4.922015 6.953457 3.6116698 1 2 7.164235e-10 2 0 0 0 0 1 0 0 2.0134228 0
"bench_hetero3.csv"	1	-0.035251233
1 1 1.4239754 10.811493 -4.922015 6.953457 3.6116698 1 2 7.164235e-10 2 0 0 0 0 1 0 0 2.0134228 0
"bench_hetero3.csv"	4	0.0046196081
1 1 1.4239754 10.811493 -4.922015 6.953457 3.6116698 1 2 7.164235e-10 2 0 0 0 0 1 0 0 2.0134228 0
"bench_hetero3.csv"	7	0.0074342321
1 1 1.4239754 10.811493 -4.922015 6.953457 3.6116698 1 2 7.164235e-10 2 0 0 0 0 1 0 0 2.0134228 0
"bench_hetero3.csv"	2	0.0045953215
1 1 1.4239754 10.811493 -4.922015 6.953457 3.6116698 1 2 7.164235e-10 2 0 0 0 0 1 0 0 2.0134228 0
"bench_hetero3.csv"	11	0.010856679
1 1 1.4239754 10.811493 -4.922015 6.953457 3.6116698 1 2 7.164235e-10 2 0 0 0 0 1 0 0 2.0134228 0
"bench_hetero3.csv"	11	0.010268596
1 1 1.4239754 10.811493 -4.922015 6.953457 3.6116698 1 2 7.164235e-10 2 0 0 0 0 1 0 0 2.0134228 0
"bench_hetero3.csv"	3	0.0033438651
1 1 1.4239754 10.811493 -4.922015 6.953457 3.6116698 1 2 7.164235e-10 2 0 0 0 0 1 0 0 2.0134228 0
"bench_hetero3.csv"	4	0.0034347449
1 1 1.4239754 10.811493 -4.922015 6.953457 3.6116698 1 2 7.164235e-10 2 0 0 0 0 1 0 0 2.0134228 0
"bench_hetero3.csv"	7	0.0070662638
1 1 1.4239754 10.811493 -4.922015 6.953457 3.6116698 1 2 7.164235e-10 2 0 0 0 0 1 0 0 2.0134228 0
"bench_hetero3.csv"	2	0.0033365821
1 1 1.4239754 10.811493 -4.922015 6.953457 3.6116698 1 2 7.164235e-10 2 0 0 0 0 1 0 0 2.0134228 0
"bench_hetero3.csv"	3	0.004499185
1 1 1.4239754 10.811493 -4.922015 6.953457 3.6116698 1 2 7.164235e-10 2 0 0 0 0 1 0 0 2.0134228 0
"bench_hetero3.csv"	1	0.011076365
1 1 1.4239754 10.811493 -4.922015 6.953457 3.6116698 1 2 7.164235e-10 2 0 0 0 0 1 0 0 2.0134228 0
"bench_hetero3.csv"	4	0.0042685551
1 1 1.4239754 10.811493 -4.922015 6.953457 3.6116698 1 2 7.164235e-10 2 0 0 0 0 1 0 0 2.0134228 0
"bench_hetero3.csv"	7	0.0077578477
1 1 1.4239754 10.811493 -4.922015 6.953457 3.6116698 1 2 7.164235e-10 2 0 0 0 0 1 0 0 2.0134228 0
"bench_hetero3.csv"	2	0.0041658952
1 1 1.4239754 10.811493 -4.922015 6.953457 3.6116698 1 2 7.164235e-10 2 0 0 0 0 1 0 0 2.0134228 0
"bench_hetero3.csv"	3	0.004499185
1 1 1.4239754 10.811493 -4.922015 6.953457 3.6116698 1 2 7.164235e-10 2 0 0 0 0 1 0 0 2.0134228 0
"bench_hetero3.csv"	1	0.0061808543
1 1 1.4239754 10.811493 -4.922015 6.953457 3.6116698 1 2 7.164235e-10 2 0 0 0 0 1 0 0 2.0134228 0
"bench_hetero3.csv"	4	0.0042004893
1 1 1.4239754 10.811493 -4.922015 6.953457 3.6116698 1 2 7.164235e-10 2 0 0 0 0 1 0 0 2.0134228 0
"bench_hetero3.csv"	7	0.0077578018
1 1 1.4239754 10.811493 -4.922015 6.953457 3.6116698 1 2 7.164235e-10 2 0 0 0 0 1 0 0 2.0134228 0
"bench_hetero3.csv"	2	0.0042761343
1 1 1.4239754 10.811493 -4.922015 6.953457 3.6116698 1 2 7.164235e-10 2 0 0 0 0 1 0 0 2.0134228 0
"bench_hetero3.csv"	11	-0.042472887
1 1 1.4239754 10.811493 -4.922015 6.953457 3.6116698 1 2 7.164235e-10 2 0 0 0 0 1 0 0 2.0134228 0
"bench_hetero3.csv"	11	0.0098717252
1 1 1.4239754 10.811493 -4.922015 6.953457 3.6116698 1 2 7.164235e-10 2 0 0 0 0 1 0 0 2.0134228 0
"bench_hetero3.csv"	3	0.004499185
1 1 1.4239754 10.811493 -4.922015 6.953457 3.6116698 1 2 7.164235e-10 2 0 0 0 0 1 0 0 2.0134228 0
"bench_hetero3.csv"	4	0.0041923909
1 1 1.4239754 10.811493 -4.922015 6.953457 3.6116698 1 2 7.164235e-10 2 0 0 0 0 1 0 0 2.0134228 0
"bench_hetero3.csv"	7	0.0077821606
1 1 1.4239754 10.811493 -4.922015 6.953457 3.6116698 1 2 7.164235e-10 2 0 0 0 0 1 0 0 2.0134228 0
"bench_hetero3.csv"	11	0.0082824365
1 1 1.4239754 10.811493 -4.922015 6.953457 3.6116698 1 2 7.164235e-10 2 0 0 0 0 1 0 0 2.0134228 0
"bench_hetero3.csv"	11	0.0083162397
1 1 1.4239754 10.811493 -4.922015 6.953457 3.6116698 1 2 7.164235e-10 2 0 0 0 0 1 0 0 2.0134228 0
"bench_hetero3.csv"	3	0.00069655217
1 1 1.4239754 10.811493 -4.922015 6.953457 3.6116698 1 2 7.164235e-10 2 0 0 0 0 1 0 0 2.0134228 0
"bench_hetero3.csv"	4	0.00065393141
1 1 1.4239754 10.811493 -4.922015 6.953457 3.6116698 1 2 7.164235e-10 2 0 0 0 0 1 0 0 2.0134228 0
"bench_hetero3.csv"	7	0.0059478849
1 1 1.4239754 10.811493 -4.922015 6.953457 3.6116698 1 2 7.164235e-10 2 0 0 0 0 1 0 0 2.0134228 0
"bench_hetero3.csv"	2	0.00064612008
1 1 1.4239754 10.811493 -4.922015 6.953457 3.6116698 1 2 7.164235e-10 2 0 0 0 0 1 0 0 2.0134228 0
"bench_hetero3.csv"	3	0.007093113
1 1 1.4239754 10.811493 -4.922015 6.953457 3.6116698 1 2 7.164235e-10 2 0 0 0 0 1 0 0 2.0134228 0
"bench_hetero3.csv"	1	0.010592083
1 1 1.4239754 10.811493 -4.922015 6.953457 3.6116698 1 2 7.164235e-10 2 0 0 0 0 1 0 0 2.0134228 0
"bench_hetero3.csv"	4	0.0070983612
1 1 1.4239754 10.811493 -4.922015 6.953457 3.6116698 1 2 7.164235e-10 2 0 0 0 0 1 0 0 2.0134228 0
"bench_hetero3.csv"	7	0.0074590949
1 1 1.4239754 10.811493 -4.922015 6.953457 3.6116698 1 2 7.164235e-10 2 0 0 0 0 1 0 0 2.0134228 0
"bench_hetero3.csv"	2	0.0072255472
1 1 1.4239754 10.811493 -4.922015 6.953457 3.6116698 1 2 7.164235e-10 2 0 0 0 0 1 0 0 2.0134228 0
"bench_hetero3.csv"	11	0.0078391791
1 1 1.4239754 10.811493 -4.922015 6.953457 3.6116698 1 2 7.164235e-10 2 0 0 0 0 1 0 0 2.0134228 0
"bench_hetero3.csv"	11	0.0078325393
1 1 1.4239754 10.811493 -4.922015 6.953457 3.6116698 1 2 7.164235e-10 2 0 0 0 0 1 0 0 2.0134228 0
"bench_hetero3.csv"	3	0.007093113
1 1 1.4239754 10.811493 -4.922015 6.953457 3.6116698 1 2 7.164235e-10 2 0 0 0 0 1 0 0 2.0134228 0
"bench_hetero3.csv"	4	0.0071095453
1 1 1.4239754 10.811493 -4.922015 6.953457 3.6116698 1 2 7.164235e-10 2 0 0 0 0 1 0 0 2.0134228 0
"bench_hetero3.csv"	7	0.0074581242
1 1 1.4239754 10.811493 -4.922015 6.953457 3.6116698 1 2 7.164235e-10 2 0 0 0 0 1 0 0 2.0134228 0
"bench_hetero3.csv"	2	0.0071460368
1 1 1.4239754 10.811493 -4.922015 6.953457 3.6116698 1 2 7.164235e-10 2 0 0 0 0 1 0 0 2.0134228 0
"bench_hetero3.csv"	11	0.0048731963
1 1 1.4239754 10.811493 -4.922015 6.953457 3.6116698 1 2 7.164235e-10 2 0 0 0 0 1 0 0 2.0134228 0
"bench_hetero3.csv"	11	0.0048437373
1 1 1.4239754 10.811493 -4.922015 6.953457 3.6116698 1 2 7.164235e-10 2 0 0 0 0 1 0 0 2.0134228 0
"bench_hetero3.csv"	3	0.0025631654
1 1 1.4239754 10.811493 -4.922015 6.953457 3.6116698 1 2 7.164235e-10 2 0 0 0 0 1 0 0 2.0134228 0
"bench_hetero3.csv"	4	0.0025475914
1 1 1.4239754 10.811493 -4.922015 6.953457 3.6116698 1 2 7.164235e-10 2 0 0 0 0 1 0 0 2.0134228 0
"bench_hetero3.csv"	7	0.0063276603
1 1 1.4239754 10.811493 -4.922015 6.953457 3.6116698 1 2 7.164235e-10 2 0 0 0 0 1 0 0 2.0134228 0
"bench_hetero3.csv"	2	0.0025850205
1 1 1.4239754 10.811493 -4.922015 6.953457 3.6116698 1 2 7.164235e-10 2 0 0 0 0 1 0 0 2.0134228 0
"bench_stripes20.csv"	1	-0.24622444
1 1 0.53333333 0.24888889 0 1 2.0044593 0.017581119 0.12007965 0.01218416 2 0 0 0 0 1 1 1 460.19328 0
"bench_stripes20.csv"	2	5.4512339e-06
1 1 0.53333333 0.24888889 0 1 2.0044593 0.017581119 0.12007965 0.01218416 2 0 0 0 0 1 1 1 460.19328 0
"bench_stripes20.csv"	5	5.8014527e-06
1 1 0.53333333 0.24888889 0 1 2.0044593 0.017581119 0.12007965 0.01218416 2 0 0 0 0 1 1 1 460.19328 0
"bench_stripes20.csv"	4	5.8014527e-06
1 1 0.53333333 0.24888889 0 1 2.0044593 0.017581119 0.12007965 0.01218416 2 0 0 0 0 1 1 1 460.19328 0
"bench_stripes20.csv"	3	5.3268837e-06
1 1 0.53333333 0.24888889 0 1 2.0044593 0.017581119 0.12007965 0.01218416 2 0 0 0 0 1 1 1 460.19328 0
"bench_stripes20.csv"	2	0.0023026784
1 1 0.53333333 0.24888889 0 1 2.0044593 0.017581119 0.12007965 0.01218416 2 0 0 0 0 1 1 1 460.19328 0
"bench_stripes20.csv"	4	0.000426674
1 1 0.53333333 0.24888889 0 1 2.0044593 0.017581119 0.12007965 0.01218416 2 0 0 0 0 1 1 1 460.19328 0
"bench_stripes20.csv"	3	3.3113414e-07
1 1 0.53333333 0.24888889 0 1 2.0044593 0.017581119 0.12007965 0.01218416 2 0 0 0 0 1 1 1 460.19328 0
"bench_stripes20.csv"	4	0.00011771206
1 1 0.53333333 0.24888889 0 1 2.0044593 0.017581119 0.12007965 0.01218416 2 0 0 0 0 1 1 1 460.19328 0
"bench_stripes20.csv"	3	0.00028320549
1 1 0.53333333 0.24888889 0 1 2.0044593 0.017581119 0.12007965 0.01218416 2 0 0 0 0 1 1 1 460.19328 0
"bench_stripes20.csv"	2	0.00021840096
1 1 0.53333333 0.24888889 0 1 2.0044593 0.017581119 0.12007965 0.01218416 2 0 0 0 0 1 1 1 460.19328 0
"bench_stripes20.csv"	5	3.3766857e-05
1 1 0.53333333 0.24888889 0 1 2.0044593 0.017581119 0.12007965 0.01218416 2 0 0 0 0 1 1 1 460.19328 0
"bench_stripes20.csv"	4	0.0024461631
1 1 0.53333333 0.24888889 0 1 2.0044593 0.017581119 0.12007965 0.01218416 2 0 0 0 0 1 1 1 460.19328 0
"bench_stripes20.csv"	21	0.0060881447
1 1 0.53333333 0.24888889 0 1 2.0044593 0.017581119 0.12007965 0.01218416 2 0 0 0 0 1 1 1 460.19328 0
"bench_stripes20.csv"	2	0.0048688085
1 1 0.53333333 0.24888889 0 1 2.0044593 0.017581119 0.12007965 0.01218416 2 0 0 0 0 1 1 1 460.19328 0
"bench_stripes20.csv"	12	0.0059564838
1 1 0.53333333 0.24888889 0 1 2.0044593 0.017581119 0.12007965 0.01218416 2 0 0 0 0 1 1 1 460.19328 0
"bench_stripes20.csv"	5	0.0034082289
1 1 0.53333333 0.24888889 0 1 2.0044593 0.017581119 0.12007965 0.01218416 2 0 0 0 0 1 1 1 460.19328 0
"bench_stripes20.csv"	14	0.0056229794
1 1 0.53333333 0.24888889 0 1 2.0044593 0.017581119 0.12007965 0.01218416 2 0 0 0 0 1 1 1 460.19328 0
"bench_stripes20.csv"	4	0.0050891814
1 1 0.53333333 0.24888889 0 1 2.0044593 0.017581119 0.12007965 0.01218416 2 0 0 0 0 1 1 1 460.19328 0
"bench_stripes20.csv"	3	0.0027013525
1 1 0.53333333 0.24888889 0 1 2.0044593 0.017581119 0.12007965 0.01218416 2 0 0 0 0 1 1 1 460.19328 0
"bench_stripes20.csv"	5	0.0040830326
1 1 0.53333333 0.24888889 0 1 2.0044593 0.017581119 0.12007965 0.01218416 2 0 0 0 0 1 1 1 460.19328 0
"bench_stripes20.csv"	4	0.0040830326
1 1 0.53333333 0.24888889 0 1 2.0044593 0.017581119 0.12007965 0.01218416 2 0 0 0 0 1 1 1 460.19328 0
"bench_stripes20.csv"	3	0.0039246501
1 1 0.53333333 0.24888889 0 1 2.0044593 0.017581119 0.12007965 0.01218416 2 0 0 0 0 1 1 1 460.19328 0
"bench_stripes20.csv"	1	0.011715571
1 1 0.53333333 0.24888889 0 1 2.0044593 0.017581119 0.12007965 0.01218416 2 0 0 0 0 1 1 1 460.19328 0
"bench_stripes20.csv"	2	0.0047314076
1 1 0.53333333 0.24888889 0 1 2.0044593 0.017581119 0.12007965 0.01218416 2 0 0 0 0 1 1 1 460.19328 0
"bench_stripes20.csv"	5	0.0011195274
1 1 0.53333333 0.24888889 0 1 2.0044593 0.017581119 0.12007965 0.01218416 2 0 0 0 0 1 1 1 460.19328 0
"bench_stripes20.csv"	4	0.0012979571
1 1 0.53333333 0.24888889 0 1 2.0044593 0.017581119 0.12007965 0.01218416 2 0 0 0 0 1 1 1 460.19328 0
"bench_stripes20.csv"	3	0.0013821123
1 1 0.53333333 0.24888889 0 1 2.0044593 0.017581119 0.12007965 0.01218416 2 0 0 0 0 1 1 1 460.19328 0
"bench_stripes20.csv"	2	0.00029822952
1 1 0.53333333 0.24888889 0 1 2.0044593 0.017581119 0.12007965 0.01218416 2 0 0 0 0 1 1 1 460.19328 0
"bench_stripes20.csv"	4	1.2511627e-05
1 1 0.53333333 0.24888889 0 1 2.0044593 0.017581119 0.12007965 0.01218416 2 0 0 0 0 1 1 1 460.19328 0
"bench_stripes20.csv"	21	0.0034169073
1 1 0.53333333 0.24888889 0 1 2.0044593 0.017581119 0.12007965 0.01218416 2 0 0 0 0 1 1 1 460.19328 0
"bench_stripes20.csv"	5	3.0259402e-05
1 1 0.53333333 0.24888889 0 1 2.0044593 0.017581119 0.12007965 0.01218416 2 0 0 0 0 1 1 1 460.19328 0
"bench_stripes20.csv"	4	3.9134944e-05
1 1 0.53333333 0.24888889 0 1 2.0044593 0.017581119 0.12007965 0.01218416 2 0 0 0 0 1 1 1 460.19328 0
"bench_stripes20.csv"	2	0.00046249809
1 1 0.53333333 0.24888889 0 1 2.0044593 0.017581119 0.12007965 0.01218416 2 0 0 0 0 1 1 1 460.19328 0
"bench_stripes20.csv"	5	0.00043804749
1 1 0.53333333 0.24888889 0 1 2.0044593 0.017581119 0.12007965 0.01218416 2 0 0 0 0 1 1 1 460.19328 0
"bench_stripes20.csv"	4	0.00046193851
1 1 0.53333333 0.24888889 0 1 2.0044593 0.017581119 0.12007965 0.01218416 2 0 0 0 0 1 1 1 460.19328 0
"bench_stripes20.csv"	3	5.5097429e-05
1 1 0.53333333 0.24888889 0 1 2.0044593 0.017581119 0.12007965 0.01218416 2 0 0 0 0 1 1 1 460.19328 0
"bench_stripes20.csv"	21	0.00023909304
1 1 0.53333333 0.24888889 0 1 2.0044593 0.017581119 0.12007965 0.01218416 2 0 0 0 0 1 1 1 460.19328 0
"bench_stripes20.csv"	5	0.00023934564
1 1 0.53333333 0.24888889 0 1 2.0044593 0.017581119 0.12007965 0.01218416 2 0 0 0 0 1 1 1 460.19328 0
"bench_stripes20.csv"	4	0.00023924319
1 1 0.53333333 0.24888889 0 1 2.0044593 0.017581119 0.12007965 0.01218416 2 0 0 0 0 1 1 1 460.19328 0
"bench_stripes20.csv"	3	0.00023923102
1 1 0.53333333 0.24888889 0 1 2.0044593 0.017581119 0.12007965 0.01218416 2 0 0 0 0 1 1 1 460.19328 0
"bench_stripes20.csv"	1	1.5135726e-07
1 1 0.53333333 0.24888889 0 1 2.0044593 0.017581119 0.12007965 0.01218416 2 0 0 0 0 1 1 1 460.19328 0
"bench_stripes20.csv"	5	1.5135726e-07
1 1 0.53333333 0.24888889 0 1 2.0044593 0.017581119 0.12007965 0.01218416 2 0 0 0 0 1 1 1 460.19328 0
"bench_stripes20.csv"	4	1.5135726e-07
1 1 0.53333333 0.24888889 0 1 2.0044593 0.017581119 0.12007965 0.01218416 2 0 0 0 0 1 1 1 460.19328 0
"bench_stripes20.csv"	3	1.5135726e-07
1 1 0.53333333 0.24888889 0 1 2.0044593 0.017581119 0.12007965 0.01218416 2 0 0 0 0 1 1 1 460.19328 0
"bench_stripes20.csv"	21	1.5135726e-07
1 1 0.53333333 0.24888889 0 1 2.0044593 0.017581119 0.12007965 0.01218416 2 0 0 0 0 1 1 1 460.19328 0
"bench_stripes20.csv"	1	1.5135726e-07
1 1 0.53333333 0.24888889 0 1 2.0044593 0.017581119 0.12007965 0.01218416 2 0 0 0 0 1 1 1 460.19328 0
"bench_stripes20.csv"	5	1.5135726e-07
1 1 0.53333333 0.24888889 0 1 2.0044593 0.017581119 0.12007965 0.01218416 2 0 0 0 0 1 1 1 460.19328 0
"bench_stripes20.csv"	4	1.5135726e-07
1 1 0.53333333 0.24888889 0 1 2.0044593 0.017581119 0.12007965 0.01218416 2 0 0 0 0 1 1 1 460.19328 0
"bench_stripes20.csv"	3	1.5135726e-07
1 1 0.53333333 0.24888889 0 1 2.0044593 0.017581119 0.12007965 0.01218416 2 0 0 0 0 1 1 1 460.19328 0
"bench_stripes20.csv"	21	1.5135726e-07
1 1 0.53333333 0.24888889 0 1 2.0044593 0.017581119 0.12007965 0.01218416 2 0 0 0 0 1 1 1 460.19328 0
"bench_stripes20.csv"	1	1.5135726e-07
1 1 0.53333333 0.24888889 0 1 2.0044593 0.017581119 0.12007965 0.01218416 2 0 0 0 0 1 1 1 460.19328 0
"bench_stripes20.csv"	5	1.5135726e-07
1 1 0.53333333 0.24888889 0 1 2.0044593 0.017581119 0.12007965 0.01218416 2 0 0 0 0 1 1 1 460.19328 0
"bench_stripes20.csv"	4	1.5135726e-07
1 1 0.53333333 0.24888889 0 1 2.0044593 0.017581119 0.12007965 0.01218416 2 0 0 0 0 1 1 1 460.19328 0
"bench_stripes20.csv"	3	1.5135726e-07
1 1 0.53333333 0.24888889 0 1 2.0044593 0.017581119 0.12007965 0.01218416 2 0 0 0 0 1 1 1 460.19328 0
"bench_stripes20.csv"	1	1.5135726e-07
1 1 0.53333333 0.24888889 0 1 2.0044593 0.017581119 0.12007965 0.01218416 2 0 0 0 0 1 1 1 460.19328 0
"bench_stripes20.csv"	5	1.5135726e-07
1 1 0.53333333 0.24888889 0 1 2.0044593 0.017581119 0.12007965 0.01218416 2 0 0 0 0 1 1 1 460.19328 0
"bench_stripes20.csv"	4	1.5135726e-07
1 1 0.53333333 0.24888889 0 1 2.0044593 0.017581119 0.12007965 0.01218416 2 0 0 0 0 1 1 1 460.19328 0
"bench_stripes20.csv"	3	1.5135726e-07
1 1 0.53333333 0.24888889 0 1 2.0044593 0.017581119 0.12007965 0.01218416 2 0 0 0 0 1 1 1 460.19328 0
"bench_stripes20.csv"	1	1.5135726e-07
1 1 0.53333333 0.24888889 0 1 2.0044593 0.017581119 0.12007965 0.01218416 2 0 0 0 0 1 1 1 460.19328 0
"bench_stripes20.csv"	5	1.5135726e-07
1 1 0.53333333 0.24888889 0 1 2.0044593 0.017581119 0.12007965 0.01218416 2 0 0 0 0 1 1 1 460.19328 0
"bench_stripes20.csv"	4	1.5135726e-07
1 1 0.53333333 0.24888889 0 1 2.0044593 0.017581119 0.12007965 0.01218416 2 0 0 0 0 1 1 1 460.19328 0
"bench_stripes20.csv"	3	1.5135726e-07
1 1 0.53333333 0.24888889 0 1 2.0044593 0.017581119 0.12007965 0.01218416 2 0 0 0 0 1 1 1 460.19328 0
"bench_stripes20.csv"	1	1.5135726e-07
1 1 0.53333333 0.24888889 0 1 2.0044593 0.017581119 0.12007965 0.01218416 2 0 0 0 0 1 1 1 460.19328 0
"bench_stripes20.csv"	5	1.5135726e-07
1 1 0.53333333 0.24888889 0 1 2.0044593 0.017581119 0.12007965 0.01218416 2 0 0 0 0 1 1 1 460.19328 0
"bench_stripes20.csv"	4	1.5135726e-07
1 1 0.53333333 0.24888889 0 1 2.0044593 0.017581119 0.12007965 0.01218416 2 0 0 0 0 1 1 1 460.19328 0
"bench_stripes20.csv"	3	1.5135726e-07
1 1 0.53333333 0.24888889 0 1 2.0044593 0.017581119 0.12007965 0.01218416 2 0 0 0 0 1 1 1 460.19328 0
"bench_stripes20.csv"	1	1.5135726e-07
1 1 0.53333333 0.24888889 0 1 2.0044593 0.017581119 0.12007965 0.01218416 2 0 0 0 0 1 1 1 460.19328 0
"bench_stripes20.csv"	5	1.5135726e-07
1 1 0.53333333 0.24888889 0 1 2.0044593 0.017581119 0.12007965 0.01218416 2 0 0 0 0 1 1 1 460.19328 0
"bench_stripes20.csv"	4	1.5135726e-07
1 1 0.53333333 0.24888889 0 1 2.0044593 0.017581119 0.12007965 0.01218416 2 0 0 0 0 1 1 1 460.19328 0
"bench_stripes20.csv"	3	1.5135726e-07
1 1 0.53333333 0.24888889 0 1 2.0044593 0.017581119 0.12007965 0.01218416 2 0 0 0 0 1 1 1 460.19328 0
"bench_stripes20.csv"	1	1.5135726e-07
1 1 0.53333333 0.24888889 0 1 2.0044593 0.017581119 0.12007965 0.01218416 2 0 0 0 0 1 1 1 460.19328 0
"bench_stripes20.csv"	5	1.5135726e-07
1 1 0.53333333 0.24888889 0 1 2.0044593 0.017581119 0.12007965 0.01218416 2 0 0 0 0 1 1 1 460.19328 0
"bench_stripes20.csv"	4	1.5135726e-07
1 1 0.53333333 0.24888889 0 1 2.0044593 0.017581119 0.12007965 0.01218416 2 0 0 0 0 1 1 1 460.19328 0
"bench_stripes20.csv"	3	1.5135726e-07
1 1 0.53333333 0.24888889 0 1 2.0044593 0.017581119 0.12007965 0.01218416 2 0 0 0 0 1 1 1 460.19328 0
"bench_stripes20.csv"	1	1.5135726e-07
1 1 0.53333333 0.24888889 0 1 2.0044593 0.017581119 0.12007965 0.01218416 2 0 0 0 0 1 1 1 460.19328 0
"bench_stripes20.csv"	2	1.5135726e-07
1 1 0.53333333 0.24888889 0 1 2.0044593 0.017581119 0.12007965 0.01218416 2 0 0 0 0 1 1 1 460.19328 0
"bench_stripes20.csv"	5	1.5135726e-07
1 1 0.53333333 0.24888889 0 1 2.0044593 0.017581119 0.12007965 0.01218416 2 0 0 0 0 1 1 1 460.19328 0
"bench_stripes20.csv"	4	1.5135726e-07
1 1 0.53333333 0.24888889 0 1 2.0044593 0.017581119 0.12007965 0.01218416 2 0 0 0 0 1 1 1 460.19328 0
"bench_stripes20.csv"	3	1.5135726e-07
1 1 0.53333333 0.24888889 0 1 2.0044593 0.017581119 0.12007965 0.01218416 2 0 0 0 0 1 1 1 460.19328 0
"bench_stripes20.csv"	1	1.5135726e-07
1 1 0.53333333 0.24888889 0 1 2.0044593 0.017581119 0.12007965 0.01218416 2 0 0 0 0 1 1 1 460.19328 0
"bench_stripes20.csv"	2	1.5135726e-07
1 1 0.53333333 0.24888889 0 1 2.0044593 0.017581119 0.12007965 0.01218416 2 0 0 0 0 1 1 1 460.19328 0
"bench_stripes20.csv"	5	1.5135726e-07
1 1 0.53333333 0.24888889 0 1 2.0044593 0.017581119 0.12007965 0.01218416 2 0 0 0 0 1 1 1 460.19328 0
"bench_stripes20.csv"	4	1.5135726e-07
1 1 0.53333333 0.24888889 0 1 2.0044593 0.017581119 0.12007965 0.01218416 2 0 0 0 0 1 1 1 460.19328 0
"bench_stripes20.csv"	3	1.5135726e-07
1 1 0.53333333 0.24888889 0 1 2.0044593 0.017581119 0.12007965 0.01218416 2 0 0 0 0 1 1 1 460.19328 0
"bench_stripes20.csv"	1	1.5135726e-07
1 1 0.53333333 0.24888889 0 1 2.0044593 0.017581119 0.12007965 0.01218416 2 0 0 0 0 1 1 1 460.19328 0
"bench_stripes20.csv"	2	1.5135726e-07
1 1 0.53333333 0.24888889 0 1 2.0044593 0.017581119 0.12007965 0.01218416 2 0 0 0 0 1 1 1 460.19328 0
"bench_stripes20.csv"	5	1.5135726e-07
1 1 0.53333333 0.24888889 0 1 2.0044593 0.017581119 0.12007965 0.01218416 2 0 0 0 0 1 1 1 460.19328 0
"bench_stripes20.csv"	4	1.5135726e-07
1 1 0.53333333 0.24888889 0 1 2.0044593 0.017581119 0.12007965 0.01218416 2 0 0 0 0 1 1 1 460.19328 0
"bench_stripes20.csv"	3	1.5135726e-07
1 1 0.53333333 0.24888889 0 1 2.0044593 0.017581119 0.12007965 0.01218416 2 0 0 0 0 1 1 1 460.19328 0
"bench_stripes20.csv"	1	1.5135726e-07
1 1 0.53333333 0.24888889 0 1 2.0044593 0.017581119 0.12007965 0.01218416 2 0 0 0 0 1 1 1 460.19328 0
"bench_stripes20.csv"	2	1.5135726e-07
1 1 0.53333333 0.24888889 0 1 2.0044593 0.017581119 0.12007965 0.01218416 2 0 0 0 0 1 1 1 460.19328 0
"bench_stripes20.csv"	5	1.5135726e-07
1 1 0.53333333 0.24888889 0 1 2.0044593 0.017581119 0.12007965 0.01218416 2 0 0 0 0 1 1 1 460.19328 0
"bench_stripes20.csv"	4	1.5135726e-07
1 1 0.53333333 0.24888889 0 1 2.0044593 0.017581119 0.12007965 0.01218416 2 0 0 0 0 1 1 1 460.19328 0
"bench_stripes20.csv"	3	1.5135726e-07
1 1 0.53333333 0.24888889 0 1 2.0044593 0.017581119 0.12007965 0.01218416 2 0 0 0 0 1 1 1 460.19328 0
"bench_stripes20.csv"	1	1.5135726e-07
1 1 0.53333333 0.24888889 0 1 2.0044593 0.017581119 0.12007965 0.01218416 2 0 0 0 0 1 1 1 460.19328 0
"bench_stripes20.csv"	2	1.5135726e-07
1 1 0.53333333 0.24888889 0 1 2.0044593 0.017581119 0.12007965 0.01218416 2 0 0 0 0 1 1 1 460.19328 0
"bench_stripes20.csv"	5	1.5135726e-07
1 1 0.53333333 0.24888889 0 1 2.0044593 0.017581119 0.12007965 0.01218416 2 0 0 0 0 1 1 1 460.19328 0
"bench_stripes20.csv"	4	1.5135726e-07
1 1 0.53333333 0.24888889 0 1 2.0044593 0.017581119 0.12007965 0.01218416 2 0 0 0 0 1 1 1 460.19328 0
"bench_stripes20.csv"	3	1.5135726e-07
1 1 0.53333333 0.24888889 0 1 2.0044593 0.017581119 0.12007965 0.01218416 2 0 0 0 0 1 1 1 460.19328 0
"bench_stripes20.csv"	1	1.5135726e-07
1 1 0.53333333 0.24888889 0 1 2.0044593 0.017581119 0.12007965 0.01218416 2 0 0 0 0 1 1 1 460.19328 0
"bench_stripes20.csv"	2	1.5135726e-07
1 1 0.53333333 0.24888889 0 1 2.0044593 0.017581119 0.12007965 0.01218416 2 0 0 0 0 1 1 1 460.19328 0
"bench_stripes20.csv"	5	1.5135726e-07
1 1 0.53333333 0.24888889 0 1 2.0044593 0.017581119 0.12007965 0.01218416 2 0 0 0 0 1 1 1 460.19328 0
"bench_stripes20.csv"	4	1.5135726e-07
1 1 0.53333333 0.24888889 0 1 2.0044593 0.017581119 0.12007965 0.01218416 2 0 0 0 0 1 1 1 460.19328 0
"bench_stripes20.csv"	3	1.5135726e-07
1 1 0.53333333 0.24888889 0 1 2.0044593 0.017581119 0.12007965 0.01218416 2 0 0 0 0 1 1 1 460.19328 0
"bench_stripes20.csv"	1	1.5135726e-07
1 1 0.53333333 0.24888889 0 1 2.0044593 0.017581119 0.12007965 0.01218416 2 0 0 0 0 1 1 1 460.19328 0
"bench_stripes20.csv"	2	1.5135726e-07
1 1 0.53333333 0.24888889 0 1 2.0044593 0.017581119 0.12007965 0.01218416 2 0 0 0 0 1 1 1 460.19328 0
"bench_stripes20.csv"	5	1.5135726e-07
1 1 0.53333333 0.24888889 0 1 2.0044593 0.017581119 0.12007965 0.01218416 2 0 0 0 0 1 1 1 460.19328 0
"bench_stripes20.csv"	4	1.5135726e-07
1 1 0.53333333 0.24888889 0 1 2.0044593 0.017581119 0.12007965 0.01218416 2 0 0 0 0 1 1 1 460.19328 0
"bench_stripes20.csv"	3	1.5135726e-07
1 1 0.53333333 0.24888889 0 1 2.0044593 0.017581119 0.12007965 0.01218416 2 0 0 0 0 1 1 1 460.19328 0
"bench_stripes20.csv"	1	1.5135726e-07
1 1 0.53333333 0.24888889 0 1 2.0044593 0.017581119 0.12007965 0.01218416 2 0 0 0 0 1 1 1 460.19328 0
"bench_stripes20.csv"	2	1.5135726e-07
1 1 0.53333333 0.24888889 0 1 2.0044593 0.017581119 0.12007965 0.01218416 2 0 0 0 0 1 1 1 460.19328 0
"bench_stripes20.csv"	5	1.5135726e-07
1 1 0.53333333 0.24888889 0 1 2.0044593 0.017581119 0.12007965 0.01218416 2 0 0 0 0 1 1 1 460.19328 0
"bench_stripes20.csv"	4	1.5135726e-07
1 1 0.53333333 0.24888889 0 1 2.0044593 0.017581119 0.12007965 0.01218416 2 0 0 0 0 1 1 1 460.19328 0
"bench_stripes20.csv"	3	1.5135726e-07
1 1 0.53333333 0.24888889 0 1 2.0044593 0.017581119 0.12007965 0.01218416 2 0 0 0 0 1 1 1 460.19328 0
"bench_stripes20.csv"	1	1.5135726e-07
1 1 0.53333333 0.24888889 0 1 2.0044593 0.017581119 0.12007965 0.01218416 2 0 0 0 0 1 1 1 460.19328 0
"bench_stripes20.csv"	2	1.5135726e-07
1 1 0.53333333 0.24888889 0 1 2.0044593 0.017581119 0.12007965 0.01218416 2 0 0 0 0 1 1 1 460.19328 0
"bench_stripes20.csv"	5	1.5135726e-07
1 1 0.53333333 0.24888889 0 1 2.0044593 0.017581119 0.12007965 0.01218416 2 0 0 0 0 1 1 1 460.19328 0
"bench_stripes20.csv"	4	1.5135726e-07
1 1 0.53333333 0.24888889 0 1 2.0044593 0.017581119 0.12007965 0.01218416 2 0 0 0 0 1 1 1 460.19328 0
"bench_stripes20.csv"	3	1.5135726e-07
1 1 0.53333333 0.24888889 0 1 2.0044593 0.017581119 0.12007965 0.01218416 2 0 0 0 0 1 1 1 460.19328 0
"bench_stripes20.csv"	1	1.5135726e-07
1 1 0.53333333 0.24888889 0 1 2.0044593 0.017581119 0.12007965 0.01218416 2 0 0 0 0 1 1 1 460.19328 0
"bench_stripes20.csv"	2	1.5135726e-07
1 1 0.53333333 0.24888889 0 1 2.0044593 0.017581119 0.12007965 0.01218416 2 0 0 0 0 1 1 1 460.19328 0
"bench_stripes20.csv"	5	1.5135726e-07
1 1 0.53333333 0.24888889 0 1 2.0044593 0.017581119 0.12007965 0.01218416 2 0 0 0 0 1 1 1 460.19328 0
"bench_stripes20.csv"	4	1.5135726e-07
1 1 0.53333333 0.24888889 0 1 2.0044593 0.017581119 0.12007965 0.01218416 2 0 0 0 0 1 1 1 460.19328 0
"bench_stripes20.csv"	3	1.5135726e-07
1 1 0.53333333 0.24888889 0 1 2.0044593 0.017581119 0.12007965 0.01218416 2 0 0 0 0 1 1 1 460.19328 0
"bench_stripes20.csv"	1	1.5135726e-07
1 1 0.53333333 0.24888889 0 1 2.0044593 0.017581119 0.12007965 0.01218416 2 0 0 0 0 1 1 1 460.19328 0
"bench_stripes20.csv"	2	1.5135726e-07
1 1 0.53333333 0.24888889 0 1 2.0044593 0.017581119 0.12007965 0.01218416 2 0 0 0 0 1 1 1 460.19328 0
"bench_stripes20.csv"	5	1.5135726e-07
1 1 0.53333333 0.24888889 0 1 2.0044593 0.017581119 0.12007965 0.01218416 2 0 0 0 0 1 1 1 460.19328 0
"bench_stripes20.csv"	4	1.5135726e-07
1 1 0.53333333 0.24888889 0 1 2.0044593 0.017581119 0.12007965 0.01218416 2 0 0 0 0 1 1 1 460.19328 0
"bench_stripes20.csv"	3	1.5135726e-07
1 1 0.53333333 0.24888889 0 1 2.0044593 0.017581119 0.12007965 0.01218416 2 0 0 0 0 1 1 1 460.19328 0
"bench_stripes20.csv"	1	1.5135726e-07
1 1 0.53333333 0.24888889 0 1 2.0044593 0.017581119 0.12007965 0.01218416 2 0 0 0 0 1 1 1 460.19328 0
"bench_stripes20.csv"	2	1.5135726e-07
1 1 0.53333333 0.24888889 0 1 2.0044593 0.017581119 0.12007965 0.01218416 2 0 0 0 0 1 1 1 460.19328 0
"bench_stripes20.csv"	5	1.5135726e-07
1 1 0.53333333 0.24888889 0 1 2.0044593 0.017581119 0.12007965 0.01218416 2 0 0 0 0 1 1 1 460.19328 0
"bench_stripes20.csv"	4	1.5135726e-07
1 1 0.53333333 0.24888889 0 1 2.0044593 0.017581119 0.12007965 0.01218416 2 0 0 0 0 1 1 1 460.19328 0
"bench_stripes20.csv"	3	1.5135726e-07
1 1 0.53333333 0.24888889 0 1 2.0044593 0.017581119 0.12007965 0.01218416 2 0 0 0 0 1 1 1 460.19328 0
"bench_stripes20.csv"	1	1.5135726e-07
1 1 0.53333333 0.24888889 0 1 2.0044593 0.017581119 0.12007965 0.01218416 2 0 0 0 0 1 1 1 460.19328 0
"bench_stripes20.csv"	2	1.5135726e-07
1 1 0.53333333 0.24888889 0 1 2.0044593 0.017581119 0.12007965 0.01218416 2 0 0 0 0 1 1 1 460.19328 0
"bench_stripes20.csv"	5	1.5135726e-07
1 1 0.53333333 0.24888889 0 1 2.0044593 0.017581119 0.12007965 0.01218416 2 0 0 0 0 1 1 1 460.19328 0
"bench_stripes20.csv"	4	1.5135726e-07
1 1 0.53333333 0.24888889 0 1 2.0044593 0.017581119 0.12007965 0.01218416 2 0 0 0 0 1 1 1 460.19328 0
"bench_stripes20.csv"	3	1.5135726e-07
1 1 0.53333333 0.24888889 0 1 2.0044593 0.017581119 0.12007965 0.01218416 2 0 0 0 0 1 1 1 460.19328 0
"bench_stripes20.csv"	1	1.5135726e-07
1 1 0.53333333 0.24888889 0 1 2.0044593 0.017581119 0.12007965 0.01218416 2 0 0 0 0 1 1 1 460.19328 0
"bench_stripes20.csv"	2	1.5135726e-07
1 1 0.53333333 0.24888889 0 1 2.0044593 0.017581119 0.12007965 0.01218416 2 0 0 0 0 1 1 1 460.19328 0
"bench_stripes20.csv"	5	1.5135726e-07
1 1 0.53333333 0.24888889 0 1 2.0044593 0.017581119 0.12007965 0.01218416 2 0 0 0 0 1 1 1 460.19328 0
"bench_stripes20.csv"	4	1.5135726e-07
1 1 0.53333333 0.24888889 0 1 2.0044593 0.017581119 0.12007965 0.01218416 2 0 0 0 0 1 1 1 460.19328 0
"bench_stripes20.csv"	3	1.5135726e-07
1 1 0.53333333 0.24888889 0 1 2.0044593 0.017581119 0.12007965 0.01218416 2 0 0 0 0 1 1 1 460.19328 0
"bench_stripes20.csv"	1	1.5135726e-07
1 1 0.53333333 0.24888889 0 1 2.0044593 0.017581119 0.12007965 0.01218416 2 0 0 0 0 1 1 1 460.19328 0
"bench_stripes20.csv"	2	1.5135726e-07
1 1 0.53333333 0.24888889 0 1 2.0044593 0.017581119 0.12007965 0.01218416 2 0 0 0 0 1 1 1 460.19328 0
"bench_stripes20.csv"	5	1.5135726e-07
1 1 0.53333333 0.24888889 0 1 2.0044593 0.017581119 0.12007965 0.01218416 2 0 0 0 0 1 1 1 460.19328 0
"bench_stripes20.csv"	4	1.5135726e-07
1 1 0.53333333 0.24888889 0 1 2.0044593 0.017581119 0.12007965 0.01218416 2 0 0 0 0 1 1 1 460.19328 0
"bench_stripes20.csv"	3	1.5135726e-07
1 1 0.53333333 0.24888889 0 1 2.0044593 0.017581119 0.12007965 0.01218416 2 0 0 0 0 1 1 1 460.19328 0
"bench_stripes20.csv"	1	1.5135726e-07
1 1 0.53333333 0.24888889 0 1 2.0044593 0.017581119 0.12007965 0.01218416 2 0 0 0 0 1 1 1 460.19328 0
"bench_stripes20.csv"	2	1.5135726e-07
1 1 0.53333333 0.24888889 0 1 2.0044593 0.017581119 0.12007965 0.01218416 2 0 0 0 0 1 1 1 460.19328 0
"bench_stripes20.csv"	5	1.5135726e-07
1 1 0.53333333 0.24888889 0 1 2.0044593 0.017581119 0.12007965 0.01218416 2 0 0 0 0 1 1 1 460.19328 0
"bench_stripes20.csv"	4	1.5135726e-07
1 1 0.53333333 0.24888889 0 1 2.0044593 0.017581119 0.12007965 0.01218416 2 0 0 0 0 1 1 1 460.19328 0
"bench_stripes20.csv"	3	1.5135726e-07
1 1 0.53333333 0.24888889 0 1 2.0044593 0.017581119 0.12007965 0.01218416 2 0 0 0 0 1 1 1 460.19328 0
"bench_stripes20.csv"	1	1.5135726e-07
1 1 0.53333333 0.24888889 0 1 2.0044593 0.017581119 0.12007965 0.01218416 2 0 0 0 0 1 1 1 460.19328 0
"bench_stripes20.csv"	2	1.5135726e-07
1 1 0.53333333 0.24888889 0 1 2.0044593 0.017581119 0.12007965 0.01218416 2 0 0 0 0 1 1 1 460.19328 0
"bench_stripes20.csv"	5	1.5135726e-07
1 1 0.53333333 0.24888889 0 1 2.0044593 0.017581119 0.12007965 0.01218416 2 0 0 0 0 1 1 1 460.19328 0
"bench_stripes20.csv"	4	1.5135726e-07
1 1 0.53333333 0.24888889 0 1 2.0044593 0.017581119 0.12007965 0.01218416 2 0 0 0 0 1 1 1 460.19328 0
"bench_stripes20.csv"	3	1.5135726e-07
1 1 0.53333333 0.24888889 0 1 2.0044593 0.017581119 0.12007965 0.01218416 2 0 0 0 0 1 1 1 460.19328 0
"bench_stripes20.csv"	1	1.5135726e-07
1 1 0.53333333 0.24888889 0 1 2.0044593 0.017581119 0.12007965 0.01218416 2 0 0 0 0 1 1 1 460.19328 0
"bench_stripes20.csv"	2	1.5135726e-07
1 1 0.53333333 0.24888889 0 1 2.0044593 0.017581119 0.12007965 0.01218416 2 0 0 0 0 1 1 1 460.19328 0
"bench_stripes20.csv"	5	1.5135726e-07
1 1 0.53333333 0.24888889 0 1 2.0044593 0.017581119 0.12007965 0.01218416 2 0 0 0 0 1 1 1 460.19328 0
"bench_stripes20.csv"	4	1.5135726e-07
1 1 0.53333333 0.24888889 0 1 2.0044593 0.017581119 0.12007965 0.01218416 2 0 0 0 0 1 1 1 460.19328 0
"bench_stripes20.csv"	3	1.5135726e-07
1 1 0.53333333 0.24888889 0 1 2.0044593 0.017581119 0.12007965 0.01218416 2 0 0 0 0 1 1 1 460.19328 0
"bench_stripes20.csv"	1	1.5135726e-07
1 1 0.53333333 0.24888889 0 1 2.0044593 0.017581119 0.12007965 0.01218416 2 0 0 0 0 1 1 1 460.19328 0
"bench_stripes20.csv"	2	1.5135726e-07
1 1 0.53333333 0.24888889 0 1 2.0044593 0.017581119 0.12007965 0.01218416 2 0 0 0 0 1 1 1 460.19328 0
"bench_stripes20.csv"	5	1.5135726e-07
1 1 0.53333333 0.24888889 0 1 2.0044593 0.017581119 0.12007965 0.01218416 2 0 0 0 0 1 1 1 460.19328 0
"bench_stripes20.csv"	4	1.5135726e-07
1 1 0.53333333 0.24888889 0 1 2.0044593 0.017581119 0.12007965 0.01218416 2 0 0 0 0 1 1 1 460.19328 0
"bench_stripes20.csv"	3	1.5135726e-07
1 1 0.53333333 0.24888889 0 1 2.0044593 0.017581119 0.12007965 0.01218416 2 0 0 0 0 1 1 1 460.19328 0
"bench_stripes20.csv"	1	1.5135726e-07
1 1 0.53333333 0.24888889 0 1 2.0044593 0.017581119 0.12007965 0.01218416 2 0 0 0 0 1 1 1 460.19328 0
"bench_stripes20.csv"	2	1.5135726e-07
1 1 0.53333333 0.24888889 0 1 2.0044593 0.017581119 0.12007965 0.01218416 2 0 0 0 0 1 1 1 460.19328 0
"bench_stripes20.csv"	5	1.5135726e-07
1 1 0.53333333 0.24888889 0 1 2.0044593 0.017581119 0.12007965 0.01218416 2 0 0 0 0 1 1 1 460.19328 0
"bench_stripes20.csv"	4	1.5135726e-07
1 1 0.53333333 0.24888889 0 1 2.0044593 0.017581119 0.12007965 0.01218416 2 0 0 0 0 1 1 1 460.19328 0
"bench_stripes20.csv"	3	1.5135726e-07
1 1 0.53333333 0.24888889 0 1 2.0044593 0.017581119 0.12007965 0.01218416 2 0 0 0 0 1 1 1 460.19328 0
"bench_t23_quadratic.csv"	3	0.021660016
2 1 2.4221656 2.394831 0.0473 7.0514 4.5260037 1 8.646264e-06 1.0000031 4 1 1 1 0.050534603 0 1 1 39492 4 2.2997543 2.2274571 2.3144098 2.8240738
"bench_t23_quadratic.csv"	21	0.00022929815
2 1 2.4221656 2.394831 0.0473 7.0514 4.5260037 1 8.646264e-06 1.0000031 4 1 1 1 0.050534603 0 1 1 39492 4 2.2997543 2.2274571 2.3144098 2.8240738
"bench_t23_quadratic.csv"	2	0.0006891205
2 1 2.4221656 2.394831 0.0473 7.0514 4.5260037 1 8.646264e-06 1.0000031 4 1 1 1 0.050534603 0 1 1 39492 4 2.2997543 2.2274571 2.3144098 2.8240738
"bench_t23_quadratic.csv"	12	-0.035357587
2 1 2.4221656 2.394831 0.0473 7.0514 4.5260037 1 8.646264e-06 1.0000031 4 1 1 1 0.050534603 0 1 1 39492 4 2.2997543 2.2274571 2.3144098 2.8240738
"bench_t23_quadratic.csv"	1	-0.035357587
2 1 2.4221656 2.394831 0.0473 7.0514 4.5260037 1 8.646264e-06 1.0000031 4 1 1 1 0.050534603 0 1 1 39492 4 2.2997543 2.2274571 2.3144098 2.8240738
"bench_t31_three_way_product.csv"	18	0.056225783
3 1 -0.14099688 1.9621632 -4.0528 5.4421 6.7783319 0.06208793 0.10228858 0.15136283 8 1 0 2 0.07029128 0 1 0 20318 4 -0.049063636 -0.010702 -0.21811739 -0.33457742
"bench_t31_three_way_product.csv"	12	-1.8875027
3 1 -0.14099688 1.9621632 -4.0528 5.4421 6.7783319 0.06208793 0.10228858 0.15136283 8 1 0 2 0.07029128 0 1 0 20318 4 -0.049063636 -0.010702 -0.21811739 -0.33457742
"bench_t31_three_way_product.csv"	1	-1.8875027
3 1 -0.14099688 1.9621632 -4.0528 5.4421 6.7783319 0.06208793 0.10228858 0.15136283 8 1 0 2 0.07029128 0 1 0 20318 4 -0.049063636 -0.010702 -0.21811739 -0.33457742
"bench_t31_three_way_product.csv"	18	0.17730548
3 1 -0.14099688 1.9621632 -4.0528 5.4421 6.7783319 0.06208793 0.10228858 0.15136283 8 1 0 2 0.07029128 0 1 0 20318 4 -0.049063636 -0.010702 -0.21811739 -0.33457742
"bench_t31_three_way_product.csv"	4	0.045620365
3 1 -0.14099688 1.9621632 -4.0528 5.4421 6.7783319 0.06208793 0.10228858 0.15136283 8 1 0 2 0.07029128 0 1 0 20318 4 -0.049063636 -0.010702 -0.21811739 -0.33457742
"bench_t31_three_way_product.csv"	21	-0.6552382
3 1 -0.14099688 1.9621632 -4.0528 5.4421 6.7783319 0.06208793 0.10228858 0.15136283 8 1 0 2 0.07029128 0 1 0 20318 4 -0.049063636 -0.010702 -0.21811739 -0.33457742
"bench_t31_three_way_product.csv"	3	-0.6552382
3 1 -0.14099688 1.9621632 -4.0528 5.4421 6.7783319 0.06208793 0.10228858 0.15136283 8 1 0 2 0.07029128 0 1 0 20318 4 -0.049063636 -0.010702 -0.21811739 -0.33457742
"bench_t31_three_way_product.csv"	2	0.01720429
3 1 -0.14099688 1.9621632 -4.0528 5.4421 6.7783319 0.06208793 0.10228858 0.15136283 8 1 0 2 0.07029128 0 1 0 20318 4 -0.049063636 -0.010702 -0.21811739 -0.33457742
"bench_t31_three_way_product.csv"	12	-0.6552382
3 1 -0.14099688 1.9621632 -4.0528 5.4421 6.7783319 0.06208793 0.10228858 0.15136283 8 1 0 2 0.07029128 0 1 0 20318 4 -0.049063636 -0.010702 -0.21811739 -0.33457742
"bench_t31_three_way_product.csv"	1	-0.6552382
3 1 -0.14099688 1.9621632 -4.0528 5.4421 6.7783319 0.06208793 0.10228858 0.15136283 8 1 0 2 0.07029128 0 1 0 20318 4 -0.049063636 -0.010702 -0.21811739 -0.33457742
