"I.6.2b.csv"	4	0.002340512	1
2 1 1.1541927 0.52320858 0.234745 3.91392 5.0864294 0.98226548 0.98980197 0.16201932 4 0 0 0 0.033895524 0 1 1 21665.762 4 1.1541927 1.1541927 1.1541927 1.1541927
"I.6.2b.csv"	1	-0.024724057	1
2 1 1.1541927 0.52320858 0.234745 3.91392 5.0864294 0.98226548 0.98980197 0.16201932 4 0 0 0 0.033895524 0 1 1 21665.762 4 1.1541927 1.1541927 1.1541927 1.1541927
"I.6.2b.csv"	12	-0.024724057	1
2 1 1.1541927 0.52320858 0.234745 3.91392 5.0864294 0.98226548 0.98980197 0.16201932 4 0 0 0 0.033895524 0 1 1 21665.762 4 1.1541927 1.1541927 1.1541927 1.1541927
"I.7.9.csv"	1	-0.0087998902	1
2 1 1.4788687 0.1910568 0.647636 2.857493 5.0557189 0.99320454 0.59136709 0.077580698 4 0 0 0 0.066766876 0 1 1 5912.1023 4 1.4788687 1.4788687 1.4788687 1.4788687
"I.7.9.csv"	12	-0.0087998902	1
2 1 1.4788687 0.1910568 0.647636 2.857493 5.0557189 0.99320454 0.59136709 0.077580698 4 0 0 0 0.066766876 0 1 1 5912.1023 4 1.4788687 1.4788687 1.4788687 1.4788687
"I.8.4.csv"	1	-2.281073	1
2 1 11.748671 47.073988 0.930761 20 2.7793476 0.93660693 9.4363993 0.7728229 4 0 0 0 0.057356737 1 1 1 1384222 4 11.748671 11.748671 11.748671 11.748671
"I.8.4.csv"	12	-2.281073	1
2 1 11.748671 47.073988 0.930761 20 2.7793476 0.93660693 9.4363993 0.7728229 4 0 0 0 0.057356737 1 1 1 1384222 4 11.748671 11.748671 11.748671 11.748671
"I.9.5.csv"	19	0.0070944953	1
3 1 1.637345 4.3345853 0.061226 14.277464 6.8282735 0.88211541 2.929244 0.66453958 6 0 0 0 0.078441907 0 1 1 91427.308 4 1.637345 1.637345 1.637345 1.637345
"I.9.5.csv"	19	-0.2548813	1
3 1 1.637345 4.3345853 0.061226 14.277464 6.8282735 0.88211541 2.929244 0.66453958 6 0 0 0 0.078441907 0 1 1 91427.308 4 1.637345 1.637345 1.637345 1.637345
"I.9.5.csv"	19	-0.2548813	1
3 1 1.637345 4.3345853 0.061226 14.277464 6.8282735 0.88211541 2.929244 0.66453958 6 0 0 0 0.078441907 0 1 1 91427.308 4 1.637345 1.637345 1.637345 1.637345
"I.9.5.csv"	19	0.0059914086	1
3 1 1.637345 4.3345853 0.061226 14.277464 6.8282735 0.88211541 2.929244 0.66453958 6 0 0 0 0.078441907 0 1 1 91427.308 4 1.637345 1.637345 1.637345 1.637345
"I.9.5.csv"	19	-0.2548813	1
3 1 1.637345 4.3345853 0.061226 14.277464 6.8282735 0.88211541 2.929244 0.66453958 6 0 0 0 0.078441907 0 1 1 91427.308 4 1.637345 1.637345 1.637345 1.637345
"I.9.5.csv"	19	-0.2548813	1
3 1 1.637345 4.3345853 0.061226 14.277464 6.8282735 0.88211541 2.929244 0.66453958 6 0 0 0 0.078441907 0 1 1 91427.308 4 1.637345 1.637345 1.637345 1.637345
"I.9.5.csv"	4	0.00058177471	1
3 1 1.637345 4.3345853 0.061226 14.277464 6.8282735 0.88211541 2.929244 0.66453958 6 0 0 0 0.078441907 0 1 1 91427.308 4 1.637345 1.637345 1.637345 1.637345
"I.10.7.csv"	1	-0.22705453	1
2 1 3.7745851 3.3928378 1.052739 9.761529 4.7279869 0.98292607 5.8736279 6.3286126 4 1 1 1 0.010483615 0 1 1 557248.5 4 3.7745851 3.7745851 3.7745851 3.7745851
"I.10.7.csv"	12	-0.22705453	1
2 1 3.7745851 3.3928378 1.052739 9.761529 4.7279869 0.98292607 5.8736279 6.3286126 4 1 1 1 0.010483615 0 1 1 557248.5 4 3.7745851 3.7745851 3.7745851 3.7745851
"I.12.5.csv"	1	-0.42255228	1
3 1 -3.9825335 10.290607 -20 -0.451982 6.0937162 0.97200254 2.0192285 0.61487742 6 0 0 0 0.06452102 0 1 0 235755.69 4 -3.9825335 -3.9825335 -3.9825335 -3.9825335
"I.12.5.csv"	12	-0.42255228	1
3 1 -3.9825335 10.290607 -20 -0.451982 6.0937162 0.97200254 2.0192285 0.61487742 6 0 0 0 0.06452102 0 1 0 235755.69 4 -3.9825335 -3.9825335 -3.9825335 -3.9825335
"I.12.5.csv"	19	-0.42255228	1
3 1 -3.9825335 10.290607 -20 -0.451982 6.0937162 0.97200254 2.0192285 0.61487742 6 0 0 0 0.06452102 0 1 0 235755.69 4 -3.9825335 -3.9825335 -3.9825335 -3.9825335
"I.12.5.csv"	19	0.029931542	1
3 1 -3.9825335 10.290607 -20 -0.451982 6.0937162 0.97200254 2.0192285 0.61487742 6 0 0 0 0.06452102 0 1 0 235755.69 4 -3.9825335 -3.9825335 -3.9825335 -3.9825335
"I.12.5.csv"	4	-0.0021275464	1
3 1 -3.9825335 10.290607 -20 -0.451982 6.0937162 0.97200254 2.0192285 0.61487742 6 0 0 0 0.06452102 0 1 0 235755.69 4 -3.9825335 -3.9825335 -3.9825335 -3.9825335
"I.12.5.csv"	21	-0.0021275464	1
3 1 -3.9825335 10.290607 -20 -0.451982 6.0937162 0.97200254 2.0192285 0.61487742 6 0 0 0 0.06452102 0 1 0 235755.69 4 -3.9825335 -3.9825335 -3.9825335 -3.9825335
"I.12.5.csv"	3	-0.0021275464	1
3 1 -3.9825335 10.290607 -20 -0.451982 6.0937162 0.97200254 2.0192285 0.61487742 6 0 0 0 0.06452102 0 1 0 235755.69 4 -3.9825335 -3.9825335 -3.9825335 -3.9825335
"I.12.5.csv"	1	-0.0021275464	1
3 1 -3.9825335 10.290607 -20 -0.451982 6.0937162 0.97200254 2.0192285 0.61487742 6 0 0 0 0.06452102 0 1 0 235755.69 4 -3.9825335 -3.9825335 -3.9825335 -3.9825335
"I.12.5.csv"	12	-0.0021275464	1
3 1 -3.9825335 10.290607 -20 -0.451982 6.0937162 0.97200254 2.0192285 0.61487742 6 0 0 0 0.06452102 0 1 0 235755.69 4 -3.9825335 -3.9825335 -3.9825335 -3.9825335
"I.12.5.csv"	2	-0.0021275464	1
3 1 -3.9825335 10.290607 -20 -0.451982 6.0937162 0.97200254 2.0192285 0.61487742 6 0 0 0 0.06452102 0 1 0 235755.69 4 -3.9825335 -3.9825335 -3.9825335 -3.9825335
"I.12.5.csv"	17	-0.0021275464	1
3 1 -3.9825335 10.290607 -20 -0.451982 6.0937162 0.97200254 2.0192285 0.61487742 6 0 0 0 0.06452102 0 1 0 235755.69 4 -3.9825335 -3.9825335 -3.9825335 -3.9825335
"I.12.5.csv"	17	-0.0021275464	1
3 1 -3.9825335 10.290607 -20 -0.451982 6.0937162 0.97200254 2.0192285 0.61487742 6 0 0 0 0.06452102 0 1 0 235755.69 4 -3.9825335 -3.9825335 -3.9825335 -3.9825335
"I.12.5.csv"	19	-0.0021275464	1
3 1 -3.9825335 10.290607 -20 -0.451982 6.0937162 0.97200254 2.0192285 0.61487742 6 0 0 0 0.06452102 0 1 0 235755.69 4 -3.9825335 -3.9825335 -3.9825335 -3.9825335
"I.12.5.csv"	19	-0.0021275464	1
3 1 -3.9825335 10.290607 -20 -0.451982 6.0937162 0.97200254 2.0192285 0.61487742 6 0 0 0 0.06452102 0 1 0 235755.69 4 -3.9825335 -3.9825335 -3.9825335 -3.9825335
"I.13.12.csv"	4	-102.75277	1
2 1 16.757344 27.992875 0.68577 20 3.6505109 0.87505539 15.577037 1.5013297 5 0 0 0 0.25799025 1 1 1 1089195.4 4 16.757344 16.757344 16.757344 16.757344
"I.13.12.csv"	17	-102.75277	1
2 1 16.757344 27.992875 0.68577 20 3.6505109 0.87505539 15.577037 1.5013297 5 0 0 0 0.25799025 1 1 1 1089195.4 4 16.757344 16.757344 16.757344 16.757344
"I.13.12.csv"	17	-102.75277	1
2 1 16.757344 27.992875 0.68577 20 3.6505109 0.87505539 15.577037 1.5013297 5 0 0 0 0.25799025 1 1 1 1089195.4 4 16.757344 16.757344 16.757344 16.757344
"I.13.12.csv"	3	-102.75277	1
2 1 16.757344 27.992875 0.68577 20 3.6505109 0.87505539 15.577037 1.5013297 5 0 0 0 0.25799025 1 1 1 1089195.4 4 16.757344 16.757344 16.757344 16.757344
"I.13.12.csv"	1	-102.75277	1
2 1 16.757344 27.992875 0.68577 20 3.6505109 0.87505539 15.577037 1.5013297 5 0 0 0 0.25799025 1 1 1 1089195.4 4 16.757344 16.757344 16.757344 16.757344
"I.13.12.csv"	12	-102.75277	1
2 1 16.757344 27.992875 0.68577 20 3.6505109 0.87505539 15.577037 1.5013297 5 0 0 0 0.25799025 1 1 1 1089195.4 4 16.757344 16.757344 16.757344 16.757344
"I.14.3.csv"	1	-0.055000526	1
4 1 3.019984 0.66809541 1.250111 4.896754 4.4614292 0.99719817 0.51632821 0.089091222 11 0 0 0 0.060411911 0 1 1 39939.292 4 3.019984 3.019984 3.019984 3.019984
"I.14.3.csv"	12	-0.055000526	1
4 1 3.019984 0.66809541 1.250111 4.896754 4.4614292 0.99719817 0.51632821 0.089091222 11 0 0 0 0.060411911 0 1 1 39939.292 4 3.019984 3.019984 3.019984 3.019984
"I.14.3.csv"	4	-0.00062053003	1
4 1 3.019984 0.66809541 1.250111 4.896754 4.4614292 0.99719817 0.51632821 0.089091222 11 0 0 0 0.060411911 0 1 1 39939.292 4 3.019984 3.019984 3.019984 3.019984
"I.14.3.csv"	21	-0.00062053003	1
4 1 3.019984 0.66809541 1.250111 4.896754 4.4614292 0.99719817 0.51632821 0.089091222 11 0 0 0 0.060411911 0 1 1 39939.292 4 3.019984 3.019984 3.019984 3.019984
"I.14.3.csv"	3	-0.00062053003	1
4 1 3.019984 0.66809541 1.250111 4.896754 4.4614292 0.99719817 0.51632821 0.089091222 11 0 0 0 0.060411911 0 1 1 39939.292 4 3.019984 3.019984 3.019984 3.019984
"I.14.3.csv"	1	-0.00062053003	1
4 1 3.019984 0.66809541 1.250111 4.896754 4.4614292 0.99719817 0.51632821 0.089091222 11 0 0 0 0.060411911 0 1 1 39939.292 4 3.019984 3.019984 3.019984 3.019984
"I.14.3.csv"	12	-0.00062053003	1
4 1 3.019984 0.66809541 1.250111 4.896754 4.4614292 0.99719817 0.51632821 0.089091222 11 0 0 0 0.060411911 0 1 1 39939.292 4 3.019984 3.019984 3.019984 3.019984
"I.14.3.csv"	2	-0.00062053003	1
4 1 3.019984 0.66809541 1.250111 4.896754 4.4614292 0.99719817 0.51632821 0.089091222 11 0 0 0 0.060411911 0 1 1 39939.292 4 3.019984 3.019984 3.019984 3.019984
"I.14.3.csv"	17	0.00028239731	1
4 1 3.019984 0.66809541 1.250111 4.896754 4.4614292 0.99719817 0.51632821 0.089091222 11 0 0 0 0.060411911 0 1 1 39939.292 4 3.019984 3.019984 3.019984 3.019984
"I.14.3.csv"	17	-0.00062053003	1
4 1 3.019984 0.66809541 1.250111 4.896754 4.4614292 0.99719817 0.51632821 0.089091222 11 0 0 0 0.060411911 0 1 1 39939.292 4 3.019984 3.019984 3.019984 3.019984
"I.14.3.csv"	19	-0.00062053003	1
4 1 3.019984 0.66809541 1.250111 4.896754 4.4614292 0.99719817 0.51632821 0.089091222 11 0 0 0 0.060411911 0 1 1 39939.292 4 3.019984 3.019984 3.019984 3.019984
"I.14.3.csv"	19	-0.00062053003	1
4 1 3.019984 0.66809541 1.250111 4.896754 4.4614292 0.99719817 0.51632821 0.089091222 11 0 0 0 0.060411911 0 1 1 39939.292 4 3.019984 3.019984 3.019984 3.019984
"I.14.3.csv"	19	-0.00062053003	1
4 1 3.019984 0.66809541 1.250111 4.896754 4.4614292 0.99719817 0.51632821 0.089091222 11 0 0 0 0.060411911 0 1 1 39939.292 4 3.019984 3.019984 3.019984 3.019984
"I.14.3.csv"	19	-0.00062053003	1
4 1 3.019984 0.66809541 1.250111 4.896754 4.4614292 0.99719817 0.51632821 0.089091222 11 0 0 0 0.060411911 0 1 1 39939.292 4 3.019984 3.019984 3.019984 3.019984
"I.14.3.csv"	19	-0.00062053003	1
4 1 3.019984 0.66809541 1.250111 4.896754 4.4614292 0.99719817 0.51632821 0.089091222 11 0 0 0 0.060411911 0 1 1 39939.292 4 3.019984 3.019984 3.019984 3.019984
"I.14.3.csv"	19	-0.00062053003	1
4 1 3.019984 0.66809541 1.250111 4.896754 4.4614292 0.99719817 0.51632821 0.089091222 11 0 0 0 0.060411911 0 1 1 39939.292 4 3.019984 3.019984 3.019984 3.019984
"I.14.3.csv"	14	4.1357214e-06	1
4 1 3.019984 0.66809541 1.250111 4.896754 4.4614292 0.99719817 0.51632821 0.089091222 11 0 0 0 0.060411911 0 1 1 39939.292 4 3.019984 3.019984 3.019984 3.019984
"I.14.3.csv"	4	-0.00017068008	1
4 1 3.019984 0.66809541 1.250111 4.896754 4.4614292 0.99719817 0.51632821 0.089091222 11 0 0 0 0.060411911 0 1 1 39939.292 4 3.019984 3.019984 3.019984 3.019984
"I.14.3.csv"	21	-0.00017068008	1
4 1 3.019984 0.66809541 1.250111 4.896754 4.4614292 0.99719817 0.51632821 0.089091222 11 0 0 0 0.060411911 0 1 1 39939.292 4 3.019984 3.019984 3.019984 3.019984
"I.14.3.csv"	3	-0.00017068008	1
4 1 3.019984 0.66809541 1.250111 4.896754 4.4614292 0.99719817 0.51632821 0.089091222 11 0 0 0 0.060411911 0 1 1 39939.292 4 3.019984 3.019984 3.019984 3.019984
"I.14.3.csv"	1	-0.00017068008	1
4 1 3.019984 0.66809541 1.250111 4.896754 4.4614292 0.99719817 0.51632821 0.089091222 11 0 0 0 0.060411911 0 1 1 39939.292 4 3.019984 3.019984 3.019984 3.019984
"I.14.3.csv"	12	-0.00017068008	1
4 1 3.019984 0.66809541 1.250111 4.896754 4.4614292 0.99719817 0.51632821 0.089091222 11 0 0 0 0.060411911 0 1 1 39939.292 4 3.019984 3.019984 3.019984 3.019984
"I.14.3.csv"	17	-0.00017068008	1
4 1 3.019984 0.66809541 1.250111 4.896754 4.4614292 0.99719817 0.51632821 0.089091222 11 0 0 0 0.060411911 0 1 1 39939.292 4 3.019984 3.019984 3.019984 3.019984
"I.14.3.csv"	17	-0.00017068008	1
4 1 3.019984 0.66809541 1.250111 4.896754 4.4614292 0.99719817 0.51632821 0.089091222 11 0 0 0 0.060411911 0 1 1 39939.292 4 3.019984 3.019984 3.019984 3.019984
"I.14.3.csv"	19	-0.00017068008	1
4 1 3.019984 0.66809541 1.250111 4.896754 4.4614292 0.99719817 0.51632821 0.089091222 11 0 0 0 0.060411911 0 1 1 39939.292 4 3.019984 3.019984 3.019984 3.019984
"I.14.3.csv"	19	-0.00017068008	1
4 1 3.019984 0.66809541 1.250111 4.896754 4.4614292 0.99719817 0.51632821 0.089091222 11 0 0 0 0.060411911 0 1 1 39939.292 4 3.019984 3.019984 3.019984 3.019984
"I.14.3.csv"	19	-0.00017068008	1
4 1 3.019984 0.66809541 1.250111 4.896754 4.4614292 0.99719817 0.51632821 0.089091222 11 0 0 0 0.060411911 0 1 1 39939.292 4 3.019984 3.019984 3.019984 3.019984
"I.14.3.csv"	19	-0.00017068008	1
4 1 3.019984 0.66809541 1.250111 4.896754 4.4614292 0.99719817 0.51632821 0.089091222 11 0 0 0 0.060411911 0 1 1 39939.292 4 3.019984 3.019984 3.019984 3.019984
"I.14.3.csv"	19	-0.00017068008	1
4 1 3.019984 0.66809541 1.250111 4.896754 4.4614292 0.99719817 0.51632821 0.089091222 11 0 0 0 0.060411911 0 1 1 39939.292 4 3.019984 3.019984 3.019984 3.019984
"I.14.3.csv"	19	-0.00017068008	1
4 1 3.019984 0.66809541 1.250111 4.896754 4.4614292 0.99719817 0.51632821 0.089091222 11 0 0 0 0.060411911 0 1 1 39939.292 4 3.019984 3.019984 3.019984 3.019984
"I.14.3.csv"	4	-0.00022143505	1
4 1 3.019984 0.66809541 1.250111 4.896754 4.4614292 0.99719817 0.51632821 0.089091222 11 0 0 0 0.060411911 0 1 1 39939.292 4 3.019984 3.019984 3.019984 3.019984
"I.14.3.csv"	21	-0.00022143505	1
4 1 3.019984 0.66809541 1.250111 4.896754 4.4614292 0.99719817 0.51632821 0.089091222 11 0 0 0 0.060411911 0 1 1 39939.292 4 3.019984 3.019984 3.019984 3.019984
"I.14.3.csv"	3	-0.00022143505	1
4 1 3.019984 0.66809541 1.250111 4.896754 4.4614292 0.99719817 0.51632821 0.089091222 11 0 0 0 0.060411911 0 1 1 39939.292 4 3.019984 3.019984 3.019984 3.019984
"I.14.3.csv"	1	-0.00022143505	1
4 1 3.019984 0.66809541 1.250111 4.896754 4.4614292 0.99719817 0.51632821 0.089091222 11 0 0 0 0.060411911 0 1 1 39939.292 4 3.019984 3.019984 3.019984 3.019984
"I.14.3.csv"	12	-0.00022143505	1
4 1 3.019984 0.66809541 1.250111 4.896754 4.4614292 0.99719817 0.51632821 0.089091222 11 0 0 0 0.060411911 0 1 1 39939.292 4 3.019984 3.019984 3.019984 3.019984
"I.14.3.csv"	2	-0.00022143505	1
4 1 3.019984 0.66809541 1.250111 4.896754 4.4614292 0.99719817 0.51632821 0.089091222 11 0 0 0 0.060411911 0 1 1 39939.292 4 3.019984 3.019984 3.019984 3.019984
"I.14.3.csv"	17	-0.00022143505	1
4 1 3.019984 0.66809541 1.250111 4.896754 4.4614292 0.99719817 0.51632821 0.089091222 11 0 0 0 0.060411911 0 1 1 39939.292 4 3.019984 3.019984 3.019984 3.019984
"I.14.3.csv"	17	-0.00022143505	1
4 1 3.019984 0.66809541 1.250111 4.896754 4.4614292 0.99719817 0.51632821 0.089091222 11 0 0 0 0.060411911 0 1 1 39939.292 4 3.019984 3.019984 3.019984 3.019984
"I.14.3.csv"	19	-0.00022143505	1
4 1 3.019984 0.66809541 1.250111 4.896754 4.4614292 0.99719817 0.51632821 0.089091222 11 0 0 0 0.060411911 0 1 1 39939.292 4 3.019984 3.019984 3.019984 3.019984
"I.14.3.csv"	19	-0.00022143505	1
4 1 3.019984 0.66809541 1.250111 4.896754 4.4614292 0.99719817 0.51632821 0.089091222 11 0 0 0 0.060411911 0 1 1 39939.292 4 3.019984 3.019984 3.019984 3.019984
"I.14.3.csv"	19	-0.00022143505	1
4 1 3.019984 0.66809541 1.250111 4.896754 4.4614292 0.99719817 0.51632821 0.089091222 11 0 0 0 0.060411911 0 1 1 39939.292 4 3.019984 3.019984 3.019984 3.019984
"I.14.3.csv"	19	-0.00022143505	1
4 1 3.019984 0.66809541 1.250111 4.896754 4.4614292 0.99719817 0.51632821 0.089091222 11 0 0 0 0.060411911 0 1 1 39939.292 4 3.019984 3.019984 3.019984 3.019984
"I.14.3.csv"	19	0.00021061136	1
4 1 3.019984 0.66809541 1.250111 4.896754 4.4614292 0.99719817 0.51632821 0.089091222 11 0 0 0 0.060411911 0 1 1 39939.292 4 3.019984 3.019984 3.019984 3.019984
"I.14.3.csv"	19	-0.00022143505	1
4 1 3.019984 0.66809541 1.250111 4.896754 4.4614292 0.99719817 0.51632821 0.089091222 11 0 0 0 0.060411911 0 1 1 39939.292 4 3.019984 3.019984 3.019984 3.019984
"I.14.3.csv"	4	-0.00021852834	1
4 1 3.019984 0.66809541 1.250111 4.896754 4.4614292 0.99719817 0.51632821 0.089091222 11 0 0 0 0.060411911 0 1 1 39939.292 4 3.019984 3.019984 3.019984 3.019984
"I.14.3.csv"	21	4.7499339e-05	1
4 1 3.019984 0.66809541 1.250111 4.896754 4.4614292 0.99719817 0.51632821 0.089091222 11 0 0 0 0.060411911 0 1 1 39939.292 4 3.019984 3.019984 3.019984 3.019984
"I.14.3.csv"	3	8.8351357e-06	1
4 1 3.019984 0.66809541 1.250111 4.896754 4.4614292 0.99719817 0.51632821 0.089091222 11 0 0 0 0.060411911 0 1 1 39939.292 4 3.019984 3.019984 3.019984 3.019984
"I.14.3.csv"	12	-0.00021852834	1
4 1 3.019984 0.66809541 1.250111 4.896754 4.4614292 0.99719817 0.51632821 0.089091222 11 0 0 0 0.060411911 0 1 1 39939.292 4 3.019984 3.019984 3.019984 3.019984
"I.14.3.csv"	17	1.6029537e-05	1
4 1 3.019984 0.66809541 1.250111 4.896754 4.4614292 0.99719817 0.51632821 0.089091222 11 0 0 0 0.060411911 0 1 1 39939.292 4 3.019984 3.019984 3.019984 3.019984
"I.14.3.csv"	19	-0.00021852834	1
4 1 3.019984 0.66809541 1.250111 4.896754 4.4614292 0.99719817 0.51632821 0.089091222 11 0 0 0 0.060411911 0 1 1 39939.292 4 3.019984 3.019984 3.019984 3.019984
"I.14.3.csv"	19	-0.00021852834	1
4 1 3.019984 0.66809541 1.250111 4.896754 4.4614292 0.99719817 0.51632821 0.089091222 11 0 0 0 0.060411911 0 1 1 39939.292 4 3.019984 3.019984 3.019984 3.019984
"I.14.3.csv"	19	-0.00021852834	1
4 1 3.019984 0.66809541 1.250111 4.896754 4.4614292 0.99719817 0.51632821 0.089091222 11 0 0 0 0.060411911 0 1 1 39939.292 4 3.019984 3.019984 3.019984 3.019984
"I.14.3.csv"	19	-0.00021852834	1
4 1 3.019984 0.66809541 1.250111 4.896754 4.4614292 0.99719817 0.51632821 0.089091222 11 0 0 0 0.060411911 0 1 1 39939.292 4 3.019984 3.019984 3.019984 3.019984
"I.14.3.csv"	19	-0.00021852834	1
4 1 3.019984 0.66809541 1.250111 4.896754 4.4614292 0.99719817 0.51632821 0.089091222 11 0 0 0 0.060411911 0 1 1 39939.292 4 3.019984 3.019984 3.019984 3.019984
"I.14.3.csv"	19	-0.00021852834	1
4 1 3.019984 0.66809541 1.250111 4.896754 4.4614292 0.99719817 0.51632821 0.089091222 11 0 0 0 0.060411911 0 1 1 39939.292 4 3.019984 3.019984 3.019984 3.019984
"I.15.3.csv"	3	1.5974583e-05	1
2 1 -0.0088779401 0.17119099 -0.812219 0.808305 3.9166522 0.98974105 0.27540926 1.0884499 3 1 0 0 0.032703734 1 1 0 113178.83 4 -0.0088779401 -0.0088779401 -0.0088779401 -0.0088779401
"I.15.3.csv"	1	-0.0047505105	1
2 1 -0.0088779401 0.17119099 -0.812219 0.808305 3.9166522 0.98974105 0.27540926 1.0884499 3 1 0 0 0.032703734 1 1 0 113178.83 4 -0.0088779401 -0.0088779401 -0.0088779401 -0.0088779401
"I.15.3.csv"	12	-0.0047505105	1
2 1 -0.0088779401 0.17119099 -0.812219 0.808305 3.9166522 0.98974105 0.27540926 1.0884499 3 1 0 0 0.032703734 1 1 0 113178.83 4 -0.0088779401 -0.0088779401 -0.0088779401 -0.0088779401
"I.15.3.csv"	2	2.1556383e-05	1
2 1 -0.0088779401 0.17119099 -0.812219 0.808305 3.9166522 0.98974105 0.27540926 1.0884499 3 1 0 0 0.032703734 1 1 0 113178.83 4 -0.0088779401 -0.0088779401 -0.0088779401 -0.0088779401
"I.15.10.csv"	3	5.8115043e-07	1
2 1 0.7706378 0.030958233 0.299784 0.991983 3.9340773 0.99979868 1.1510934 1.0060447 5 0 0 0 0.10750146 1 1 1 41964.273 4 0.7706378 0.7706378 0.7706378 0.7706378
"I.15.10.csv"	1	-0.00039405253	1
2 1 0.7706378 0.030958233 0.299784 0.991983 3.9340773 0.99979868 1.1510934 1.0060447 5 0 0 0 0.10750146 1 1 1 41964.273 4 0.7706378 0.7706378 0.7706378 0.7706378
"I.15.10.csv"	12	-0.00039405253	1
2 1 0.7706378 0.030958233 0.299784 0.991983 3.9340773 0.99979868 1.1510934 1.0060447 5 0 0 0 0.10750146 1 1 1 41964.273 4 0.7706378 0.7706378 0.7706378 0.7706378
"I.15.10.csv"	2	1.4525749e-05	1
2 1 0.7706378 0.030958233 0.299784 0.991983 3.9340773 0.99979868 1.1510934 1.0060447 5 0 0 0 0.10750146 1 1 1 41964.273 4 0.7706378 0.7706378 0.7706378 0.7706378
"I.15.10.csv"	4	1.8797805e-06	1
2 1 0.7706378 0.030958233 0.299784 0.991983 3.9340773 0.99979868 1.1510934 1.0060447 5 0 0 0 0.10750146 1 1 1 41964.273 4 0.7706378 0.7706378 0.7706378 0.7706378
"I.15.10.csv"	21	8.9352943e-08	1
2 1 0.7706378 0.030958233 0.299784 0.991983 3.9340773 0.99979868 1.1510934 1.0060447 5 0 0 0 0.10750146 1 1 1 41964.273 4 0.7706378 0.7706378 0.7706378 0.7706378
"I.15.10.csv"	3	-2.6974356e-05	1
2 1 0.7706378 0.030958233 0.299784 0.991983 3.9340773 0.99979868 1.1510934 1.0060447 5 0 0 0 0.10750146 1 1 1 41964.273 4 0.7706378 0.7706378 0.7706378 0.7706378
"I.15.10.csv"	1	-2.6974356e-05	1
2 1 0.7706378 0.030958233 0.299784 0.991983 3.9340773 0.99979868 1.1510934 1.0060447 5 0 0 0 0.10750146 1 1 1 41964.273 4 0.7706378 0.7706378 0.7706378 0.7706378
"I.15.10.csv"	12	-2.6974356e-05	1
2 1 0.7706378 0.030958233 0.299784 0.991983 3.9340773 0.99979868 1.1510934 1.0060447 5 0 0 0 0.10750146 1 1 1 41964.273 4 0.7706378 0.7706378 0.7706378 0.7706378
"I.15.10.csv"	17	-2.6974356e-05	1
2 1 0.7706378 0.030958233 0.299784 0.991983 3.9340773 0.99979868 1.1510934 1.0060447 5 0 0 0 0.10750146 1 1 1 41964.273 4 0.7706378 0.7706378 0.7706378 0.7706378
"I.18.4.csv"	4	0.046227236	1
3 1 3.7626738 9.1556225 0.434064 17.795525 5.7377594 0.97055622 1.8621785 0.53723687 6 0 0 0 0.066686884 0 1 1 50217.743 4 3.7626738 3.7626738 3.7626738 3.7626738
"I.18.4.csv"	21	-0.46856934	1
3 1 3.7626738 9.1556225 0.434064 17.795525 5.7377594 0.97055622 1.8621785 0.53723687 6 0 0 0 0.066686884 0 1 1 50217.743 4 3.7626738 3.7626738 3.7626738 3.7626738
"I.18.4.csv"	1	-0.46856934	1
3 1 3.7626738 9.1556225 0.434064 17.795525 5.7377594 0.97055622 1.8621785 0.53723687 6 0 0 0 0.066686884 0 1 1 50217.743 4 3.7626738 3.7626738 3.7626738 3.7626738
"I.18.4.csv"	12	-0.46856934	1
3 1 3.7626738 9.1556225 0.434064 17.795525 5.7377594 0.97055622 1.8621785 0.53723687 6 0 0 0 0.066686884 0 1 1 50217.743 4 3.7626738 3.7626738 3.7626738 3.7626738
"I.18.4.csv"	4	-0.0035547015	1
3 1 3.7626738 9.1556225 0.434064 17.795525 5.7377594 0.97055622 1.8621785 0.53723687 6 0 0 0 0.066686884 0 1 1 50217.743 4 3.7626738 3.7626738 3.7626738 3.7626738
"I.18.4.csv"	3	-0.0035547015	1
3 1 3.7626738 9.1556225 0.434064 17.795525 5.7377594 0.97055622 1.8621785 0.53723687 6 0 0 0 0.066686884 0 1 1 50217.743 4 3.7626738 3.7626738 3.7626738 3.7626738
"I.18.4.csv"	1	-0.0035547015	1
3 1 3.7626738 9.1556225 0.434064 17.795525 5.7377594 0.97055622 1.8621785 0.53723687 6 0 0 0 0.066686884 0 1 1 50217.743 4 3.7626738 3.7626738 3.7626738 3.7626738
"I.18.4.csv"	12	-0.0035547015	1
3 1 3.7626738 9.1556225 0.434064 17.795525 5.7377594 0.97055622 1.8621785 0.53723687 6 0 0 0 0.066686884 0 1 1 50217.743 4 3.7626738 3.7626738 3.7626738 3.7626738
"I.18.4.csv"	2	-0.0035547015	1
3 1 3.7626738 9.1556225 0.434064 17.795525 5.7377594 0.97055622 1.8621785 0.53723687 6 0 0 0 0.066686884 0 1 1 50217.743 4 3.7626738 3.7626738 3.7626738 3.7626738
"I.18.4.csv"	17	-0.0035547015	1
3 1 3.7626738 9.1556225 0.434064 17.795525 5.7377594 0.97055622 1.8621785 0.53723687 6 0 0 0 0.066686884 0 1 1 50217.743 4 3.7626738 3.7626738 3.7626738 3.7626738
"I.18.4.csv"	19	-0.0035547015	1
3 1 3.7626738 9.1556225 0.434064 17.795525 5.7377594 0.97055622 1.8621785 0.53723687 6 0 0 0 0.066686884 0 1 1 50217.743 4 3.7626738 3.7626738 3.7626738 3.7626738
"I.18.4.csv"	19	-0.0035547015	1
3 1 3.7626738 9.1556225 0.434064 17.795525 5.7377594 0.97055622 1.8621785 0.53723687 6 0 0 0 0.066686884 0 1 1 50217.743 4 3.7626738 3.7626738 3.7626738 3.7626738
"I.18.14.csv"	19	-31.541785	1
3 1 16.271398 27.071543 2.203032 20 3.4204994 0.91739899 11.402479 0.81278602 6 0 0 0 0.063319755 1 1 1 271622.23 4 16.271398 16.271398 16.271398 16.271398
"I.18.14.csv"	19	-31.541785	1
3 1 16.271398 27.071543 2.203032 20 3.4204994 0.91739899 11.402479 0.81278602 6 0 0 0 0.063319755 1 1 1 271622.23 4 16.271398 16.271398 16.271398 16.271398
"I.6.2.csv"	3	0.0083040613	1
2 1 8.8248587 24.530585 1.25686 20 3.7843247 0.99848452 0.35991531 0.95117723 5 1 0 1 -0.048640843 1 1 1 511639.63 4 8.8248587 8.8248587 8.8248587 8.8248587
"I.6.2.csv"	1	-0.54048734	1
2 1 8.8248587 24.530585 1.25686 20 3.7843247 0.99848452 0.35991531 0.95117723 5 1 0 1 -0.048640843 1 1 1 511639.63 4 8.8248587 8.8248587 8.8248587 8.8248587
"I.6.2.csv"	12	-0.54048734	1
2 1 8.8248587 24.530585 1.25686 20 3.7843247 0.99848452 0.35991531 0.95117723 5 1 0 1 -0.048640843 1 1 1 511639.63 4 8.8248587 8.8248587 8.8248587 8.8248587
"I.6.2b.csv"	4	0.002340512	1
2 1 1.1541927 0.52320858 0.234745 3.91392 5.0864294 0.98226548 0.98980197 0.16201932 4 0 0 0 0.033895524 0 1 1 21665.762 4 1.1541927 1.1541927 1.1541927 1.1541927
"I.6.2b.csv"	1	-0.024724057	1
2 1 1.1541927 0.52320858 0.234745 3.91392 5.0864294 0.98226548 0.98980197 0.16201932 4 0 0 0 0.033895524 0 1 1 21665.762 4 1.1541927 1.1541927 1.1541927 1.1541927
"I.6.2b.csv"	12	-0.024724057	1
2 1 1.1541927 0.52320858 0.234745 3.91392 5.0864294 0.98226548 0.98980197 0.16201932 4 0 0 0 0.033895524 0 1 1 21665.762 4 1.1541927 1.1541927 1.1541927 1.1541927
"I.7.9.csv"	1	-0.0087998902	1
2 1 1.4788687 0.1910568 0.647636 2.857493 5.0557189 0.99320454 0.59136709 0.077580698 4 0 0 0 0.066766876 0 1 1 5912.1023 4 1.4788687 1.4788687 1.4788687 1.4788687
"I.7.9.csv"	12	-0.0087998902	1
2 1 1.4788687 0.1910568 0.647636 2.857493 5.0557189 0.99320454 0.59136709 0.077580698 4 0 0 0 0.066766876 0 1 1 5912.1023 4 1.4788687 1.4788687 1.4788687 1.4788687
"I.8.4.csv"	1	-2.281073	1
2 1 11.748671 47.073988 0.930761 20 2.7793476 0.93660693 9.4363993 0.7728229 4 0 0 0 0.057356737 1 1 1 1384222 4 11.748671 11.748671 11.748671 11.748671
"I.8.4.csv"	12	-2.281073	1
2 1 11.748671 47.073988 0.930761 20 2.7793476 0.93660693 9.4363993 0.7728229 4 0 0 0 0.057356737 1 1 1 1384222 4 11.748671 11.748671 11.748671 11.748671
"I.9.5.csv"	21	0.02049214	1
3 1 1.637345 4.3345853 0.061226 14.277464 6.8282735 0.88211541 2.929244 0.66453958 6 0 0 0 0.078441907 0 1 1 91427.308 4 1.637345 1.637345 1.637345 1.637345
"I.9.5.csv"	4	0.00063806869	1
3 1 1.637345 4.3345853 0.061226 14.277464 6.8282735 0.88211541 2.929244 0.66453958 6 0 0 0 0.078441907 0 1 1 91427.308 4 1.637345 1.637345 1.637345 1.637345
"I.9.5.csv"	3	0.0006033742	1
3 1 1.637345 4.3345853 0.061226 14.277464 6.8282735 0.88211541 2.929244 0.66453958 6 0 0 0 0.078441907 0 1 1 91427.308 4 1.637345 1.637345 1.637345 1.637345
"I.9.5.csv"	19	0.0070944953	1
3 1 1.637345 4.3345853 0.061226 14.277464 6.8282735 0.88211541 2.929244 0.66453958 6 0 0 0 0.078441907 0 1 1 91427.308 4 1.637345 1.637345 1.637345 1.637345
"I.9.5.csv"	19	-0.2548813	1
3 1 1.637345 4.3345853 0.061226 14.277464 6.8282735 0.88211541 2.929244 0.66453958 6 0 0 0 0.078441907 0 1 1 91427.308 4 1.637345 1.637345 1.637345 1.637345
"I.9.5.csv"	19	-0.2548813	1
3 1 1.637345 4.3345853 0.061226 14.277464 6.8282735 0.88211541 2.929244 0.66453958 6 0 0 0 0.078441907 0 1 1 91427.308 4 1.637345 1.637345 1.637345 1.637345
"I.10.7.csv"	1	-0.22705453	1
2 1 3.7745851 3.3928378 1.052739 9.761529 4.7279869 0.98292607 5.8736279 6.3286126 4 1 1 1 0.010483615 0 1 1 557248.5 4 3.7745851 3.7745851 3.7745851 3.7745851
"I.10.7.csv"	12	-0.22705453	1
2 1 3.7745851 3.3928378 1.052739 9.761529 4.7279869 0.98292607 5.8736279 6.3286126 4 1 1 1 0.010483615 0 1 1 557248.5 4 3.7745851 3.7745851 3.7745851 3.7745851
"I.12.5.csv"	1	-0.42255228	1
3 1 -3.9825335 10.290607 -20 -0.451982 6.0937162 0.97200254 2.0192285 0.61487742 6 0 0 0 0.06452102 0 1 0 235755.69 4 -3.9825335 -3.9825335 -3.9825335 -3.9825335
"I.12.5.csv"	12	-0.42255228	1
3 1 -3.9825335 10.290607 -20 -0.451982 6.0937162 0.97200254 2.0192285 0.61487742 6 0 0 0 0.06452102 0 1 0 235755.69 4 -3.9825335 -3.9825335 -3.9825335 -3.9825335
"I.12.5.csv"	19	-0.42255228	1
3 1 -3.9825335 10.290607 -20 -0.451982 6.0937162 0.97200254 2.0192285 0.61487742 6 0 0 0 0.06452102 0 1 0 235755.69 4 -3.9825335 -3.9825335 -3.9825335 -3.9825335
"I.12.5.csv"	19	0.029931542	1
3 1 -3.9825335 10.290607 -20 -0.451982 6.0937162 0.97200254 2.0192285 0.61487742 6 0 0 0 0.06452102 0 1 0 235755.69 4 -3.9825335 -3.9825335 -3.9825335 -3.9825335
"I.12.5.csv"	4	-0.0021275464	1
3 1 -3.9825335 10.290607 -20 -0.451982 6.0937162 0.97200254 2.0192285 0.61487742 6 0 0 0 0.06452102 0 1 0 235755.69 4 -3.9825335 -3.9825335 -3.9825335 -3.9825335
"I.12.5.csv"	21	-0.0021275464	1
3 1 -3.9825335 10.290607 -20 -0.451982 6.0937162 0.97200254 2.0192285 0.61487742 6 0 0 0 0.06452102 0 1 0 235755.69 4 -3.9825335 -3.9825335 -3.9825335 -3.9825335
"I.12.5.csv"	3	-0.0021275464	1
3 1 -3.9825335 10.290607 -20 -0.451982 6.0937162 0.97200254 2.0192285 0.61487742 6 0 0 0 0.06452102 0 1 0 235755.69 4 -3.9825335 -3.9825335 -3.9825335 -3.9825335
"I.12.5.csv"	1	-0.0021275464	1
3 1 -3.9825335 10.290607 -20 -0.451982 6.0937162 0.97200254 2.0192285 0.61487742 6 0 0 0 0.06452102 0 1 0 235755.69 4 -3.9825335 -3.9825335 -3.9825335 -3.9825335
"I.12.5.csv"	12	-0.0021275464	1
3 1 -3.9825335 10.290607 -20 -0.451982 6.0937162 0.97200254 2.0192285 0.61487742 6 0 0 0 0.06452102 0 1 0 235755.69 4 -3.9825335 -3.9825335 -3.9825335 -3.9825335
"I.12.5.csv"	2	-0.0021275464	1
3 1 -3.9825335 10.290607 -20 -0.451982 6.0937162 0.97200254 2.0192285 0.61487742 6 0 0 0 0.06452102 0 1 0 235755.69 4 -3.9825335 -3.9825335 -3.9825335 -3.9825335
"I.12.5.csv"	17	-0.0021275464	1
3 1 -3.9825335 10.290607 -20 -0.451982 6.0937162 0.97200254 2.0192285 0.61487742 6 0 0 0 0.06452102 0 1 0 235755.69 4 -3.9825335 -3.9825335 -3.9825335 -3.9825335
"I.12.5.csv"	17	-0.0021275464	1
3 1 -3.9825335 10.290607 -20 -0.451982 6.0937162 0.97200254 2.0192285 0.61487742 6 0 0 0 0.06452102 0 1 0 235755.69 4 -3.9825335 -3.9825335 -3.9825335 -3.9825335
"I.12.5.csv"	19	-0.0021275464	1
3 1 -3.9825335 10.290607 -20 -0.451982 6.0937162 0.97200254 2.0192285 0.61487742 6 0 0 0 0.06452102 0 1 0 235755.69 4 -3.9825335 -3.9825335 -3.9825335 -3.9825335
"I.12.5.csv"	19	-0.0021275464	1
3 1 -3.9825335 10.290607 -20 -0.451982 6.0937162 0.97200254 2.0192285 0.61487742 6 0 0 0 0.06452102 0 1 0 235755.69 4 -3.9825335 -3.9825335 -3.9825335 -3.9825335
"I.13.12.csv"	4	-102.75277	1
2 1 16.757344 27.992875 0.68577 20 3.6505109 0.87505539 15.577037 1.5013297 5 0 0 0 0.25799025 1 1 1 1089195.4 4 16.757344 16.757344 16.757344 16.757344
"I.13.12.csv"	17	-102.75277	1
2 1 16.757344 27.992875 0.68577 20 3.6505109 0.87505539 15.577037 1.5013297 5 0 0 0 0.25799025 1 1 1 1089195.4 4 16.757344 16.757344 16.757344 16.757344
"I.13.12.csv"	17	-102.75277	1
2 1 16.757344 27.992875 0.68577 20 3.6505109 0.87505539 15.577037 1.5013297 5 0 0 0 0.25799025 1 1 1 1089195.4 4 16.757344 16.757344 16.757344 16.757344
"I.13.12.csv"	3	-102.75277	1
2 1 16.757344 27.992875 0.68577 20 3.6505109 0.87505539 15.577037 1.5013297 5 0 0 0 0.25799025 1 1 1 1089195.4 4 16.757344 16.757344 16.757344 16.757344
"I.13.12.csv"	1	-102.75277	1
2 1 16.757344 27.992875 0.68577 20 3.6505109 0.87505539 15.577037 1.5013297 5 0 0 0 0.25799025 1 1 1 1089195.4 4 16.757344 16.757344 16.757344 16.757344
"I.13.12.csv"	12	-102.75277	1
2 1 16.757344 27.992875 0.68577 20 3.6505109 0.87505539 15.577037 1.5013297 5 0 0 0 0.25799025 1 1 1 1089195.4 4 16.757344 16.757344 16.757344 16.757344
"I.14.3.csv"	1	-0.055000526	1
4 1 3.019984 0.66809541 1.250111 4.896754 4.4614292 0.99719817 0.51632821 0.089091222 11 0 0 0 0.060411911 0 1 1 39939.292 4 3.019984 3.019984 3.019984 3.019984
"I.14.3.csv"	12	-0.055000526	1
4 1 3.019984 0.66809541 1.250111 4.896754 4.4614292 0.99719817 0.51632821 0.089091222 11 0 0 0 0.060411911 0 1 1 39939.292 4 3.019984 3.019984 3.019984 3.019984
"I.14.3.csv"	4	-0.00062053003	1
4 1 3.019984 0.66809541 1.250111 4.896754 4.4614292 0.99719817 0.51632821 0.089091222 11 0 0 0 0.060411911 0 1 1 39939.292 4 3.019984 3.019984 3.019984 3.019984
"I.14.3.csv"	21	-0.00062053003	1
4 1 3.019984 0.66809541 1.250111 4.896754 4.4614292 0.99719817 0.51632821 0.089091222 11 0 0 0 0.060411911 0 1 1 39939.292 4 3.019984 3.019984 3.019984 3.019984
"I.14.3.csv"	3	-0.00062053003	1
4 1 3.019984 0.66809541 1.250111 4.896754 4.4614292 0.99719817 0.51632821 0.089091222 11 0 0 0 0.060411911 0 1 1 39939.292 4 3.019984 3.019984 3.019984 3.019984
"I.14.3.csv"	1	-0.00062053003	1
4 1 3.019984 0.66809541 1.250111 4.896754 4.4614292 0.99719817 0.51632821 0.089091222 11 0 0 0 0.060411911 0 1 1 39939.292 4 3.019984 3.019984 3.019984 3.019984
"I.14.3.csv"	12	-0.00062053003	1
4 1 3.019984 0.66809541 1.250111 4.896754 4.4614292 0.99719817 0.51632821 0.089091222 11 0 0 0 0.060411911 0 1 1 39939.292 4 3.019984 3.019984 3.019984 3.019984
"I.14.3.csv"	2	-0.00062053003	1
4 1 3.019984 0.66809541 1.250111 4.896754 4.4614292 0.99719817 0.51632821 0.089091222 11 0 0 0 0.060411911 0 1 1 39939.292 4 3.019984 3.019984 3.019984 3.019984
"I.14.3.csv"	17	0.00028239731	1
4 1 3.019984 0.66809541 1.250111 4.896754 4.4614292 0.99719817 0.51632821 0.089091222 11 0 0 0 0.060411911 0 1 1 39939.292 4 3.019984 3.019984 3.019984 3.019984
"I.14.3.csv"	17	-0.00062053003	1
4 1 3.019984 0.66809541 1.250111 4.896754 4.4614292 0.99719817 0.51632821 0.089091222 11 0 0 0 0.060411911 0 1 1 39939.292 4 3.019984 3.019984 3.019984 3.019984
"I.14.3.csv"	19	-0.00062053003	1
4 1 3.019984 0.66809541 1.250111 4.896754 4.4614292 0.99719817 0.51632821 0.089091222 11 0 0 0 0.060411911 0 1 1 39939.292 4 3.019984 3.019984 3.019984 3.019984
"I.14.3.csv"	19	-0.00062053003	1
4 1 3.019984 0.66809541 1.250111 4.896754 4.4614292 0.99719817 0.51632821 0.089091222 11 0 0 0 0.060411911 0 1 1 39939.292 4 3.019984 3.019984 3.019984 3.019984
"I.14.3.csv"	19	-0.00062053003	1
4 1 3.019984 0.66809541 1.250111 4.896754 4.4614292 0.99719817 0.51632821 0.089091222 11 0 0 0 0.060411911 0 1 1 39939.292 4 3.019984 3.019984 3.019984 3.019984
"I.14.3.csv"	19	-0.00062053003	1
4 1 3.019984 0.66809541 1.250111 4.896754 4.4614292 0.99719817 0.51632821 0.089091222 11 0 0 0 0.060411911 0 1 1 39939.292 4 3.019984 3.019984 3.019984 3.019984
"I.14.3.csv"	19	-0.00062053003	1
4 1 3.019984 0.66809541 1.250111 4.896754 4.4614292 0.99719817 0.51632821 0.089091222 11 0 0 0 0.060411911 0 1 1 39939.292 4 3.019984 3.019984 3.019984 3.019984
"I.14.3.csv"	19	-0.00062053003	1
4 1 3.019984 0.66809541 1.250111 4.896754 4.4614292 0.99719817 0.51632821 0.089091222 11 0 0 0 0.060411911 0 1 1 39939.292 4 3.019984 3.019984 3.019984 3.019984
"I.14.3.csv"	14	4.1357214e-06	1
4 1 3.019984 0.66809541 1.250111 4.896754 4.4614292 0.99719817 0.51632821 0.089091222 11 0 0 0 0.060411911 0 1 1 39939.292 4 3.019984 3.019984 3.019984 3.019984
"I.14.3.csv"	4	-0.00017068008	1
4 1 3.019984 0.66809541 1.250111 4.896754 4.4614292 0.99719817 0.51632821 0.089091222 11 0 0 0 0.060411911 0 1 1 39939.292 4 3.019984 3.019984 3.019984 3.019984
"I.14.3.csv"	21	-0.00017068008	1
4 1 3.019984 0.66809541 1.250111 4.896754 4.4614292 0.99719817 0.51632821 0.089091222 11 0 0 0 0.060411911 0 1 1 39939.292 4 3.019984 3.019984 3.019984 3.019984
"I.14.3.csv"	3	-0.00017068008	1
4 1 3.019984 0.66809541 1.250111 4.896754 4.4614292 0.99719817 0.51632821 0.089091222 11 0 0 0 0.060411911 0 1 1 39939.292 4 3.019984 3.019984 3.019984 3.019984
"I.14.3.csv"	1	-0.00017068008	1
4 1 3.019984 0.66809541 1.250111 4.896754 4.4614292 0.99719817 0.51632821 0.089091222 11 0 0 0 0.060411911 0 1 1 39939.292 4 3.019984 3.019984 3.019984 3.019984
"I.14.3.csv"	12	-0.00017068008	1
4 1 3.019984 0.66809541 1.250111 4.896754 4.4614292 0.99719817 0.51632821 0.089091222 11 0 0 0 0.060411911 0 1 1 39939.292 4 3.019984 3.019984 3.019984 3.019984
"I.14.3.csv"	17	-0.00017068008	1
4 1 3.019984 0.66809541 1.250111 4.896754 4.4614292 0.99719817 0.51632821 0.089091222 11 0 0 0 0.060411911 0 1 1 39939.292 4 3.019984 3.019984 3.019984 3.019984
"I.14.3.csv"	17	-0.00017068008	1
4 1 3.019984 0.66809541 1.250111 4.896754 4.4614292 0.99719817 0.51632821 0.089091222 11 0 0 0 0.060411911 0 1 1 39939.292 4 3.019984 3.019984 3.019984 3.019984
"I.14.3.csv"	19	-0.00017068008	1
4 1 3.019984 0.66809541 1.250111 4.896754 4.4614292 0.99719817 0.51632821 0.089091222 11 0 0 0 0.060411911 0 1 1 39939.292 4 3.019984 3.019984 3.019984 3.019984
"I.14.3.csv"	19	-0.00017068008	1
4 1 3.019984 0.66809541 1.250111 4.896754 4.4614292 0.99719817 0.51632821 0.089091222 11 0 0 0 0.060411911 0 1 1 39939.292 4 3.019984 3.019984 3.019984 3.019984
"I.14.3.csv"	19	-0.00017068008	1
4 1 3.019984 0.66809541 1.250111 4.896754 4.4614292 0.99719817 0.51632821 0.089091222 11 0 0 0 0.060411911 0 1 1 39939.292 4 3.019984 3.019984 3.019984 3.019984
"I.14.3.csv"	19	-0.00017068008	1
4 1 3.019984 0.66809541 1.250111 4.896754 4.4614292 0.99719817 0.51632821 0.089091222 11 0 0 0 0.060411911 0 1 1 39939.292 4 3.019984 3.019984 3.019984 3.019984
"I.14.3.csv"	19	-0.00017068008	1
4 1 3.019984 0.66809541 1.250111 4.896754 4.4614292 0.99719817 0.51632821 0.089091222 11 0 0 0 0.060411911 0 1 1 39939.292 4 3.019984 3.019984 3.019984 3.019984
"I.14.3.csv"	19	-0.00017068008	1
4 1 3.019984 0.66809541 1.250111 4.896754 4.4614292 0.99719817 0.51632821 0.089091222 11 0 0 0 0.060411911 0 1 1 39939.292 4 3.019984 3.019984 3.019984 3.019984
"I.14.3.csv"	4	-0.00022143505	1
4 1 3.019984 0.66809541 1.250111 4.896754 4.4614292 0.99719817 0.51632821 0.089091222 11 0 0 0 0.060411911 0 1 1 39939.292 4 3.019984 3.019984 3.019984 3.019984
"I.14.3.csv"	21	-0.00022143505	1
4 1 3.019984 0.66809541 1.250111 4.896754 4.4614292 0.99719817 0.51632821 0.089091222 11 0 0 0 0.060411911 0 1 1 39939.292 4 3.019984 3.019984 3.019984 3.019984
"I.14.3.csv"	3	-0.00022143505	1
4 1 3.019984 0.66809541 1.250111 4.896754 4.4614292 0.99719817 0.51632821 0.089091222 11 0 0 0 0.060411911 0 1 1 39939.292 4 3.019984 3.019984 3.019984 3.019984
"I.14.3.csv"	1	-0.00022143505	1
4 1 3.019984 0.66809541 1.250111 4.896754 4.4614292 0.99719817 0.51632821 0.089091222 11 0 0 0 0.060411911 0 1 1 39939.292 4 3.019984 3.019984 3.019984 3.019984
"I.14.3.csv"	12	-0.00022143505	1
4 1 3.019984 0.66809541 1.250111 4.896754 4.4614292 0.99719817 0.51632821 0.089091222 11 0 0 0 0.060411911 0 1 1 39939.292 4 3.019984 3.019984 3.019984 3.019984
"I.14.3.csv"	2	-0.00022143505	1
4 1 3.019984 0.66809541 1.250111 4.896754 4.4614292 0.99719817 0.51632821 0.089091222 11 0 0 0 0.060411911 0 1 1 39939.292 4 3.019984 3.019984 3.019984 3.019984
"I.14.3.csv"	17	-0.00022143505	1
4 1 3.019984 0.66809541 1.250111 4.896754 4.4614292 0.99719817 0.51632821 0.089091222 11 0 0 0 0.060411911 0 1 1 39939.292 4 3.019984 3.019984 3.019984 3.019984
"I.14.3.csv"	17	-0.00022143505	1
4 1 3.019984 0.66809541 1.250111 4.896754 4.4614292 0.99719817 0.51632821 0.089091222 11 0 0 0 0.060411911 0 1 1 39939.292 4 3.019984 3.019984 3.019984 3.019984
"I.14.3.csv"	19	-0.00022143505	1
4 1 3.019984 0.66809541 1.250111 4.896754 4.4614292 0.99719817 0.51632821 0.089091222 11 0 0 0 0.060411911 0 1 1 39939.292 4 3.019984 3.019984 3.019984 3.019984
"I.14.3.csv"	19	-0.00022143505	1
4 1 3.019984 0.66809541 1.250111 4.896754 4.4614292 0.99719817 0.51632821 0.089091222 11 0 0 0 0.060411911 0 1 1 39939.292 4 3.019984 3.019984 3.019984 3.019984
"I.14.3.csv"	19	-0.00022143505	1
4 1 3.019984 0.66809541 1.250111 4.896754 4.4614292 0.99719817 0.51632821 0.089091222 11 0 0 0 0.060411911 0 1 1 39939.292 4 3.019984 3.019984 3.019984 3.019984
"I.14.3.csv"	19	-0.00022143505	1
4 1 3.019984 0.66809541 1.250111 4.896754 4.4614292 0.99719817 0.51632821 0.089091222 11 0 0 0 0.060411911 0 1 1 39939.292 4 3.019984 3.019984 3.019984 3.019984
"I.14.3.csv"	19	0.00021061136	1
4 1 3.019984 0.66809541 1.250111 4.896754 4.4614292 0.99719817 0.51632821 0.089091222 11 0 0 0 0.060411911 0 1 1 39939.292 4 3.019984 3.019984 3.019984 3.019984
"I.14.3.csv"	19	-0.00022143505	1
4 1 3.019984 0.66809541 1.250111 4.896754 4.4614292 0.99719817 0.51632821 0.089091222 11 0 0 0 0.060411911 0 1 1 39939.292 4 3.019984 3.019984 3.019984 3.019984
"I.14.3.csv"	4	-0.00021852834	1
4 1 3.019984 0.66809541 1.250111 4.896754 4.4614292 0.99719817 0.51632821 0.089091222 11 0 0 0 0.060411911 0 1 1 39939.292 4 3.019984 3.019984 3.019984 3.019984
"I.14.3.csv"	21	4.7499339e-05	1
4 1 3.019984 0.66809541 1.250111 4.896754 4.4614292 0.99719817 0.51632821 0.089091222 11 0 0 0 0.060411911 0 1 1 39939.292 4 3.019984 3.019984 3.019984 3.019984
"I.14.3.csv"	3	8.8351357e-06	1
4 1 3.019984 0.66809541 1.250111 4.896754 4.4614292 0.99719817 0.51632821 0.089091222 11 0 0 0 0.060411911 0 1 1 39939.292 4 3.019984 3.019984 3.019984 3.019984
"I.14.3.csv"	12	-0.00021852834	1
4 1 3.019984 0.66809541 1.250111 4.896754 4.4614292 0.99719817 0.51632821 0.089091222 11 0 0 0 0.060411911 0 1 1 39939.292 4 3.019984 3.019984 3.019984 3.019984
"I.14.3.csv"	17	1.6029537e-05	1
4 1 3.019984 0.66809541 1.250111 4.896754 4.4614292 0.99719817 0.51632821 0.089091222 11 0 0 0 0.060411911 0 1 1 39939.292 4 3.019984 3.019984 3.019984 3.019984
"I.14.3.csv"	19	-0.00021852834	1
4 1 3.019984 0.66809541 1.250111 4.896754 4.4614292 0.99719817 0.51632821 0.089091222 11 0 0 0 0.060411911 0 1 1 39939.292 4 3.019984 3.019984 3.019984 3.019984
"I.14.3.csv"	19	-0.00021852834	1
4 1 3.019984 0.66809541 1.250111 4.896754 4.4614292 0.99719817 0.51632821 0.089091222 11 0 0 0 0.060411911 0 1 1 39939.292 4 3.019984 3.019984 3.019984 3.019984
"I.14.3.csv"	19	-0.00021852834	1
4 1 3.019984 0.66809541 1.250111 4.896754 4.4614292 0.99719817 0.51632821 0.089091222 11 0 0 0 0.060411911 0 1 1 39939.292 4 3.019984 3.019984 3.019984 3.019984
"I.14.3.csv"	19	-0.00021852834	1
4 1 3.019984 0.66809541 1.250111 4.896754 4.4614292 0.99719817 0.51632821 0.089091222 11 0 0 0 0.060411911 0 1 1 39939.292 4 3.019984 3.019984 3.019984 3.019984
"I.14.3.csv"	19	-0.00021852834	1
4 1 3.019984 0.66809541 1.250111 4.896754 4.4614292 0.99719817 0.51632821 0.089091222 11 0 0 0 0.060411911 0 1 1 39939.292 4 3.019984 3.019984 3.019984 3.019984
"I.14.3.csv"	19	-0.00021852834	1
4 1 3.019984 0.66809541 1.250111 4.896754 4.4614292 0.99719817 0.51632821 0.089091222 11 0 0 0 0.060411911 0 1 1 39939.292 4 3.019984 3.019984 3.019984 3.019984
"I.15.3.csv"	3	1.5974583e-05	1
2 1 -0.0088779401 0.17119099 -0.812219 0.808305 3.9166522 0.98974105 0.27540926 1.0884499 3 1 0 0 0.032703734 1 1 0 113178.83 4 -0.0088779401 -0.0088779401 -0.0088779401 -0.0088779401
"I.15.3.csv"	1	-0.0047505105	1
2 1 -0.0088779401 0.17119099 -0.812219 0.808305 3.9166522 0.98974105 0.27540926 1.0884499 3 1 0 0 0.032703734 1 1 0 113178.83 4 -0.0088779401 -0.0088779401 -0.0088779401 -0.0088779401
"I.15.3.csv"	12	-0.0047505105	1
2 1 -0.0088779401 0.17119099 -0.812219 0.808305 3.9166522 0.98974105 0.27540926 1.0884499 3 1 0 0 0.032703734 1 1 0 113178.83 4 -0.0088779401 -0.0088779401 -0.0088779401 -0.0088779401
"I.15.3.csv"	2	2.1556383e-05	1
2 1 -0.0088779401 0.17119099 -0.812219 0.808305 3.9166522 0.98974105 0.27540926 1.0884499 3 1 0 0 0.032703734 1 1 0 113178.83 4 -0.0088779401 -0.0088779401 -0.0088779401 -0.0088779401
"I.15.10.csv"	3	5.8115043e-07	1
2 1 0.7706378 0.030958233 0.299784 0.991983 3.9340773 0.99979868 1.1510934 1.0060447 5 0 0 0 0.10750146 1 1 1 41964.273 4 0.7706378 0.7706378 0.7706378 0.7706378
"I.15.10.csv"	1	-0.00039405253	1
2 1 0.7706378 0.030958233 0.299784 0.991983 3.9340773 0.99979868 1.1510934 1.0060447 5 0 0 0 0.10750146 1 1 1 41964.273 4 0.7706378 0.7706378 0.7706378 0.7706378
"I.15.10.csv"	12	-0.00039405253	1
2 1 0.7706378 0.030958233 0.299784 0.991983 3.9340773 0.99979868 1.1510934 1.0060447 5 0 0 0 0.10750146 1 1 1 41964.273 4 0.7706378 0.7706378 0.7706378 0.7706378
"I.15.10.csv"	2	1.4525749e-05	1
2 1 0.7706378 0.030958233 0.299784 0.991983 3.9340773 0.99979868 1.1510934 1.0060447 5 0 0 0 0.10750146 1 1 1 41964.273 4 0.7706378 0.7706378 0.7706378 0.7706378
"I.15.10.csv"	4	1.8797805e-06	1
2 1 0.7706378 0.030958233 0.299784 0.991983 3.9340773 0.99979868 1.1510934 1.0060447 5 0 0 0 0.10750146 1 1 1 41964.273 4 0.7706378 0.7706378 0.7706378 0.7706378
"I.15.10.csv"	21	8.9352943e-08	1
2 1 0.7706378 0.030958233 0.299784 0.991983 3.9340773 0.99979868 1.1510934 1.0060447 5 0 0 0 0.10750146 1 1 1 41964.273 4 0.7706378 0.7706378 0.7706378 0.7706378
"I.15.10.csv"	3	-2.6974356e-05	1
2 1 0.7706378 0.030958233 0.299784 0.991983 3.9340773 0.99979868 1.1510934 1.0060447 5 0 0 0 0.10750146 1 1 1 41964.273 4 0.7706378 0.7706378 0.7706378 0.7706378
"I.15.10.csv"	1	-2.6974356e-05	1
2 1 0.7706378 0.030958233 0.299784 0.991983 3.9340773 0.99979868 1.1510934 1.0060447 5 0 0 0 0.10750146 1 1 1 41964.273 4 0.7706378 0.7706378 0.7706378 0.7706378
"I.15.10.csv"	12	-2.6974356e-05	1
2 1 0.7706378 0.030958233 0.299784 0.991983 3.9340773 0.99979868 1.1510934 1.0060447 5 0 0 0 0.10750146 1 1 1 41964.273 4 0.7706378 0.7706378 0.7706378 0.7706378
"I.15.10.csv"	17	-2.6974356e-05	1
2 1 0.7706378 0.030958233 0.299784 0.991983 3.9340773 0.99979868 1.1510934 1.0060447 5 0 0 0 0.10750146 1 1 1 41964.273 4 0.7706378 0.7706378 0.7706378 0.7706378
"I.18.4.csv"	21	-0.46856934	1
3 1 3.7626738 9.1556225 0.434064 17.795525 5.7377594 0.97055622 1.8621785 0.53723687 6 0 0 0 0.066686884 0 1 1 50217.743 4 3.7626738 3.7626738 3.7626738 3.7626738
"I.18.4.csv"	4	0.047252786	1
3 1 3.7626738 9.1556225 0.434064 17.795525 5.7377594 0.97055622 1.8621785 0.53723687 6 0 0 0 0.066686884 0 1 1 50217.743 4 3.7626738 3.7626738 3.7626738 3.7626738
"I.18.4.csv"	1	-0.46856934	1
3 1 3.7626738 9.1556225 0.434064 17.795525 5.7377594 0.97055622 1.8621785 0.53723687 6 0 0 0 0.066686884 0 1 1 50217.743 4 3.7626738 3.7626738 3.7626738 3.7626738
"I.18.4.csv"	12	-0.46856934	1
3 1 3.7626738 9.1556225 0.434064 17.795525 5.7377594 0.97055622 1.8621785 0.53723687 6 0 0 0 0.066686884 0 1 1 50217.743 4 3.7626738 3.7626738 3.7626738 3.7626738
"I.18.4.csv"	4	-0.0035547015	1
3 1 3.7626738 9.1556225 0.434064 17.795525 5.7377594 0.97055622 1.8621785 0.53723687 6 0 0 0 0.066686884 0 1 1 50217.743 4 3.7626738 3.7626738 3.7626738 3.7626738
"I.18.4.csv"	3	-0.0035547015	1
3 1 3.7626738 9.1556225 0.434064 17.795525 5.7377594 0.97055622 1.8621785 0.53723687 6 0 0 0 0.066686884 0 1 1 50217.743 4 3.7626738 3.7626738 3.7626738 3.7626738
"I.18.4.csv"	1	-0.0035547015	1
3 1 3.7626738 9.1556225 0.434064 17.795525 5.7377594 0.97055622 1.8621785 0.53723687 6 0 0 0 0.066686884 0 1 1 50217.743 4 3.7626738 3.7626738 3.7626738 3.7626738
"I.18.4.csv"	12	-0.0035547015	1
3 1 3.7626738 9.1556225 0.434064 17.795525 5.7377594 0.97055622 1.8621785 0.53723687 6 0 0 0 0.066686884 0 1 1 50217.743 4 3.7626738 3.7626738 3.7626738 3.7626738
"I.18.4.csv"	2	-0.0035547015	1
3 1 3.7626738 9.1556225 0.434064 17.795525 5.7377594 0.97055622 1.8621785 0.53723687 6 0 0 0 0.066686884 0 1 1 50217.743 4 3.7626738 3.7626738 3.7626738 3.7626738
"I.18.4.csv"	17	-0.0035547015	1
3 1 3.7626738 9.1556225 0.434064 17.795525 5.7377594 0.97055622 1.8621785 0.53723687 6 0 0 0 0.066686884 0 1 1 50217.743 4 3.7626738 3.7626738 3.7626738 3.7626738
"I.18.4.csv"	19	-0.0035547015	1
3 1 3.7626738 9.1556225 0.434064 17.795525 5.7377594 0.97055622 1.8621785 0.53723687 6 0 0 0 0.066686884 0 1 1 50217.743 4 3.7626738 3.7626738 3.7626738 3.7626738
"I.18.4.csv"	19	-0.0035547015	1
3 1 3.7626738 9.1556225 0.434064 17.795525 5.7377594 0.97055622 1.8621785 0.53723687 6 0 0 0 0.066686884 0 1 1 50217.743 4 3.7626738 3.7626738 3.7626738 3.7626738
"I.18.14.csv"	19	-31.541785	1
3 1 16.271398 27.071543 2.203032 20 3.4204994 0.91739899 11.402479 0.81278602 6 0 0 0 0.063319755 1 1 1 271622.23 4 16.271398 16.271398 16.271398 16.271398
"I.18.14.csv"	19	-31.541785	1
3 1 16.271398 27.071543 2.203032 20 3.4204994 0.91739899 11.402479 0.81278602 6 0 0 0 0.063319755 1 1 1 271622.23 4 16.271398 16.271398 16.271398 16.271398
"I.24.6.csv"	3	7.3183012e-05	1
2 1 2.3182008 1.1726289 0.398689 4.843929 4.1050166 0.99472963 2.3678081 2.5031295 4 1 1 1 0.00066360616 0 1 1 471398.57 4 2.3182008 2.3182008 2.3182008 2.3182008
"I.24.6.csv"	1	-0.085456189	1
2 1 2.3182008 1.1726289 0.398689 4.843929 4.1050166 0.99472963 2.3678081 2.5031295 4 1 1 1 0.00066360616 0 1 1 471398.57 4 2.3182008 2.3182008 2.3182008 2.3182008
"I.24.6.csv"	12	-0.085456189	1
2 1 2.3182008 1.1726289 0.398689 4.843929 4.1050166 0.99472963 2.3678081 2.5031295 4 1 1 1 0.00066360616 0 1 1 471398.57 4 2.3182008 2.3182008 2.3182008 2.3182008
"I.24.6.csv"	4	0.00050546432	1
2 1 2.3182008 1.1726289 0.398689 4.843929 4.1050166 0.99472963 2.3678081 2.5031295 4 1 1 1 0.00066360616 0 1 1 471398.57 4 2.3182008 2.3182008 2.3182008 2.3182008
"I.24.6.csv"	21	-0.0019850129	1
2 1 2.3182008 1.1726289 0.398689 4.843929 4.1050166 0.99472963 2.3678081 2.5031295 4 1 1 1 0.00066360616 0 1 1 471398.57 4 2.3182008 2.3182008 2.3182008 2.3182008
"I.24.6.csv"	3	0.00013999872	1
2 1 2.3182008 1.1726289 0.398689 4.843929 4.1050166 0.99472963 2.3678081 2.5031295 4 1 1 1 0.00066360616 0 1 1 471398.57 4 2.3182008 2.3182008 2.3182008 2.3182008
"I.24.6.csv"	1	-0.0019850129	1
2 1 2.3182008 1.1726289 0.398689 4.843929 4.1050166 0.99472963 2.3678081 2.5031295 4 1 1 1 0.00066360616 0 1 1 471398.57 4 2.3182008 2.3182008 2.3182008 2.3182008
"I.24.6.csv"	12	-0.0019850129	1
2 1 2.3182008 1.1726289 0.398689 4.843929 4.1050166 0.99472963 2.3678081 2.5031295 4 1 1 1 0.00066360616 0 1 1 471398.57 4 2.3182008 2.3182008 2.3182008 2.3182008
"I.24.6.csv"	4	0.00063567853	1
2 1 2.3182008 1.1726289 0.398689 4.843929 4.1050166 0.99472963 2.3678081 2.5031295 4 1 1 1 0.00066360616 0 1 1 471398.57 4 2.3182008 2.3182008 2.3182008 2.3182008
"I.24.6.csv"	21	0.00061686115	1
2 1 2.3182008 1.1726289 0.398689 4.843929 4.1050166 0.99472963 2.3678081 2.5031295 4 1 1 1 0.00066360616 0 1 1 471398.57 4 2.3182008 2.3182008 2.3182008 2.3182008
"I.24.6.csv"	3	0.00070204938	1
2 1 2.3182008 1.1726289 0.398689 4.843929 4.1050166 0.99472963 2.3678081 2.5031295 4 1 1 1 0.00066360616 0 1 1 471398.57 4 2.3182008 2.3182008 2.3182008 2.3182008
"I.24.6.csv"	1	0.00072514691	1
2 1 2.3182008 1.1726289 0.398689 4.843929 4.1050166 0.99472963 2.3678081 2.5031295 4 1 1 1 0.00066360616 0 1 1 471398.57 4 2.3182008 2.3182008 2.3182008 2.3182008
"I.24.6.csv"	12	-0.001616035	1
2 1 2.3182008 1.1726289 0.398689 4.843929 4.1050166 0.99472963 2.3678081 2.5031295 4 1 1 1 0.00066360616 0 1 1 471398.57 4 2.3182008 2.3182008 2.3182008 2.3182008
"I.24.6.csv"	2	0.00072030602	1
2 1 2.3182008 1.1726289 0.398689 4.843929 4.1050166 0.99472963 2.3678081 2.5031295 4 1 1 1 0.00066360616 0 1 1 471398.57 4 2.3182008 2.3182008 2.3182008 2.3182008
"I.24.6.csv"	4	-0.0008937611	1
2 1 2.3182008 1.1726289 0.398689 4.843929 4.1050166 0.99472963 2.3678081 2.5031295 4 1 1 1 0.00066360616 0 1 1 471398.57 4 2.3182008 2.3182008 2.3182008 2.3182008
"I.24.6.csv"	21	-0.0008937611	1
2 1 2.3182008 1.1726289 0.398689 4.843929 4.1050166 0.99472963 2.3678081 2.5031295 4 1 1 1 0.00066360616 0 1 1 471398.57 4 2.3182008 2.3182008 2.3182008 2.3182008
"I.24.6.csv"	3	-0.0008937611	1
2 1 2.3182008 1.1726289 0.398689 4.843929 4.1050166 0.99472963 2.3678081 2.5031295 4 1 1 1 0.00066360616 0 1 1 471398.57 4 2.3182008 2.3182008 2.3182008 2.3182008
"I.24.6.csv"	1	-0.0008937611	1
2 1 2.3182008 1.1726289 0.398689 4.843929 4.1050166 0.99472963 2.3678081 2.5031295 4 1 1 1 0.00066360616 0 1 1 471398.57 4 2.3182008 2.3182008 2.3182008 2.3182008
"I.24.6.csv"	12	-0.0008937611	1
2 1 2.3182008 1.1726289 0.398689 4.843929 4.1050166 0.99472963 2.3678081 2.5031295 4 1 1 1 0.00066360616 0 1 1 471398.57 4 2.3182008 2.3182008 2.3182008 2.3182008
"I.24.6.csv"	2	-0.0008937611	1
2 1 2.3182008 1.1726289 0.398689 4.843929 4.1050166 0.99472963 2.3678081 2.5031295 4 1 1 1 0.00066360616 0 1 1 471398.57 4 2.3182008 2.3182008 2.3182008 2.3182008
"I.24.6.csv"	14	2.3070971e-05	1
2 1 2.3182008 1.1726289 0.398689 4.843929 4.1050166 0.99472963 2.3678081 2.5031295 4 1 1 1 0.00066360616 0 1 1 471398.57 4 2.3182008 2.3182008 2.3182008 2.3182008
"I.24.6.csv"	4	-0.00065367506	1
2 1 2.3182008 1.1726289 0.398689 4.843929 4.1050166 0.99472963 2.3678081 2.5031295 4 1 1 1 0.00066360616 0 1 1 471398.57 4 2.3182008 2.3182008 2.3182008 2.3182008
"I.24.6.csv"	21	-0.00065367506	1
2 1 2.3182008 1.1726289 0.398689 4.843929 4.1050166 0.99472963 2.3678081 2.5031295 4 1 1 1 0.00066360616 0 1 1 471398.57 4 2.3182008 2.3182008 2.3182008 2.3182008
"I.24.6.csv"	3	0.00013110558	1
2 1 2.3182008 1.1726289 0.398689 4.843929 4.1050166 0.99472963 2.3678081 2.5031295 4 1 1 1 0.00066360616 0 1 1 471398.57 4 2.3182008 2.3182008 2.3182008 2.3182008
"I.24.6.csv"	1	-0.00065367506	1
2 1 2.3182008 1.1726289 0.398689 4.843929 4.1050166 0.99472963 2.3678081 2.5031295 4 1 1 1 0.00066360616 0 1 1 471398.57 4 2.3182008 2.3182008 2.3182008 2.3182008
"I.24.6.csv"	12	-0.00065367506	1
2 1 2.3182008 1.1726289 0.398689 4.843929 4.1050166 0.99472963 2.3678081 2.5031295 4 1 1 1 0.00066360616 0 1 1 471398.57 4 2.3182008 2.3182008 2.3182008 2.3182008
"I.24.6.csv"	2	-0.00065367506	1
2 1 2.3182008 1.1726289 0.398689 4.843929 4.1050166 0.99472963 2.3678081 2.5031295 4 1 1 1 0.00066360616 0 1 1 471398.57 4 2.3182008 2.3182008 2.3182008 2.3182008
"I.24.6.csv"	4	-0.00065910174	1
2 1 2.3182008 1.1726289 0.398689 4.843929 4.1050166 0.99472963 2.3678081 2.5031295 4 1 1 1 0.00066360616 0 1 1 471398.57 4 2.3182008 2.3182008 2.3182008 2.3182008
"I.24.6.csv"	21	-0.00065910174	1
2 1 2.3182008 1.1726289 0.398689 4.843929 4.1050166 0.99472963 2.3678081 2.5031295 4 1 1 1 0.00066360616 0 1 1 471398.57 4 2.3182008 2.3182008 2.3182008 2.3182008
"I.24.6.csv"	3	0.00012476665	1
2 1 2.3182008 1.1726289 0.398689 4.843929 4.1050166 0.99472963 2.3678081 2.5031295 4 1 1 1 0.00066360616 0 1 1 471398.57 4 2.3182008 2.3182008 2.3182008 2.3182008
"I.24.6.csv"	1	-0.00065910174	1
2 1 2.3182008 1.1726289 0.398689 4.843929 4.1050166 0.99472963 2.3678081 2.5031295 4 1 1 1 0.00066360616 0 1 1 471398.57 4 2.3182008 2.3182008 2.3182008 2.3182008
"I.24.6.csv"	12	-0.00065910174	1
2 1 2.3182008 1.1726289 0.398689 4.843929 4.1050166 0.99472963 2.3678081 2.5031295 4 1 1 1 0.00066360616 0 1 1 471398.57 4 2.3182008 2.3182008 2.3182008 2.3182008
"I.24.6.csv"	2	-0.00065910174	1
2 1 2.3182008 1.1726289 0.398689 4.843929 4.1050166 0.99472963 2.3678081 2.5031295 4 1 1 1 0.00066360616 0 1 1 471398.57 4 2.3182008 2.3182008 2.3182008 2.3182008
"I.24.6.csv"	4	-0.00060654707	1
2 1 2.3182008 1.1726289 0.398689 4.843929 4.1050166 0.99472963 2.3678081 2.5031295 4 1 1 1 0.00066360616 0 1 1 471398.57 4 2.3182008 2.3182008 2.3182008 2.3182008
"I.24.6.csv"	21	-0.00060654707	1
2 1 2.3182008 1.1726289 0.398689 4.843929 4.1050166 0.99472963 2.3678081 2.5031295 4 1 1 1 0.00066360616 0 1 1 471398.57 4 2.3182008 2.3182008 2.3182008 2.3182008
"I.24.6.csv"	3	-0.00060654707	1
2 1 2.3182008 1.1726289 0.398689 4.843929 4.1050166 0.99472963 2.3678081 2.5031295 4 1 1 1 0.00066360616 0 1 1 471398.57 4 2.3182008 2.3182008 2.3182008 2.3182008
"I.24.6.csv"	12	-0.00060654707	1
2 1 2.3182008 1.1726289 0.398689 4.843929 4.1050166 0.99472963 2.3678081 2.5031295 4 1 1 1 0.00066360616 0 1 1 471398.57 4 2.3182008 2.3182008 2.3182008 2.3182008
"I.24.6.csv"	2	-0.00060654707	1
2 1 2.3182008 1.1726289 0.398689 4.843929 4.1050166 0.99472963 2.3678081 2.5031295 4 1 1 1 0.00066360616 0 1 1 471398.57 4 2.3182008 2.3182008 2.3182008 2.3182008
"I.24.6.csv"	12	-0.00058231811	1
2 1 2.3182008 1.1726289 0.398689 4.843929 4.1050166 0.99472963 2.3678081 2.5031295 4 1 1 1 0.00066360616 0 1 1 471398.57 4 2.3182008 2.3182008 2.3182008 2.3182008
"I.24.6.csv"	14	0.00018227212	1
2 1 2.3182008 1.1726289 0.398689 4.843929 4.1050166 0.99472963 2.3678081 2.5031295 4 1 1 1 0.00066360616 0 1 1 471398.57 4 2.3182008 2.3182008 2.3182008 2.3182008
"I.24.6.csv"	4	-0.00040034227	1
2 1 2.3182008 1.1726289 0.398689 4.843929 4.1050166 0.99472963 2.3678081 2.5031295 4 1 1 1 0.00066360616 0 1 1 471398.57 4 2.3182008 2.3182008 2.3182008 2.3182008
"I.24.6.csv"	21	-0.00040034227	1
2 1 2.3182008 1.1726289 0.398689 4.843929 4.1050166 0.99472963 2.3678081 2.5031295 4 1 1 1 0.00066360616 0 1 1 471398.57 4 2.3182008 2.3182008 2.3182008 2.3182008
"I.25.9.csv"	1	-0.015016229	1
2 1 1.3735776 0.20246946 0.546482 2.444098 4.2172424 0.99837907 0.26282809 0.083228063 5 0 0 0 0.020177462 0 1 1 7855.2932 4 1.3735776 1.3735776 1.3735776 1.3735776
"I.25.9.csv"	12	-0.015016229	1
2 1 1.3735776 0.20246946 0.546482 2.444098 4.2172424 0.99837907 0.26282809 0.083228063 5 0 0 0 0.020177462 0 1 1 7855.2932 4 1.3735776 1.3735776 1.3735776 1.3735776
"I.29.16.csv"	23	-0.57547573	1
3 1 0.60472895 2.4704945 -2.969392 2.918667 3.7461073 0.45699265 2.5065482 0.7303393 5 0 0 0 0.38566213 1 1 0 489834.5 4 0.60472895 0.60472895 0.60472895 0.60472895
"I.29.16.csv"	19	-0.57547573	1
3 1 0.60472895 2.4704945 -2.969392 2.918667 3.7461073 0.45699265 2.5065482 0.7303393 5 0 0 0 0.38566213 1 1 0 489834.5 4 0.60472895 0.60472895 0.60472895 0.60472895
"I.29.16.csv"	23	-0.57547573	1
3 1 0.60472895 2.4704945 -2.969392 2.918667 3.7461073 0.45699265 2.5065482 0.7303393 5 0 0 0 0.38566213 1 1 0 489834.5 4 0.60472895 0.60472895 0.60472895 0.60472895
"I.29.16.csv"	23	-0.54794299	1
3 1 0.60472895 2.4704945 -2.969392 2.918667 3.7461073 0.45699265 2.5065482 0.7303393 5 0 0 0 0.38566213 1 1 0 489834.5 4 0.60472895 0.60472895 0.60472895 0.60472895
"I.29.16.csv"	19	-0.54794299	1
3 1 0.60472895 2.4704945 -2.969392 2.918667 3.7461073 0.45699265 2.5065482 0.7303393 5 0 0 0 0.38566213 1 1 0 489834.5 4 0.60472895 0.60472895 0.60472895 0.60472895
"I.29.16.csv"	19	0.045345715	1
3 1 0.60472895 2.4704945 -2.969392 2.918667 3.7461073 0.45699265 2.5065482 0.7303393 5 0 0 0 0.38566213 1 1 0 489834.5 4 0.60472895 0.60472895 0.60472895 0.60472895
"I.29.16.csv"	23	-0.54794299	1
3 1 0.60472895 2.4704945 -2.969392 2.918667 3.7461073 0.45699265 2.5065482 0.7303393 5 0 0 0 0.38566213 1 1 0 489834.5 4 0.60472895 0.60472895 0.60472895 0.60472895
"I.32.8.csv"	19	-5.1500584	1
3 1 5.9247038 47.540501 0.028669 20 2.8965107 0.94620923 9.0973867 2.8437386 6 0 0 0 0.041968074 1 1 1 230394.12 4 5.9247038 5.9247038 5.9247038 5.9247038
"I.32.8.csv"	19	-5.1500584	1
3 1 5.9247038 47.540501 0.028669 20 2.8965107 0.94620923 9.0973867 2.8437386 6 0 0 0 0.041968074 1 1 1 230394.12 4 5.9247038 5.9247038 5.9247038 5.9247038
"I.32.8.csv"	19	-5.1500584	1
3 1 5.9247038 47.540501 0.028669 20 2.8965107 0.94620923 9.0973867 2.8437386 6 0 0 0 0.041968074 1 1 1 230394.12 4 5.9247038 5.9247038 5.9247038 5.9247038
"I.32.8.csv"	19	-0.011059476	1
3 1 5.9247038 47.540501 0.028669 20 2.8965107 0.94620923 9.0973867 2.8437386 6 0 0 0 0.041968074 1 1 1 230394.12 4 5.9247038 5.9247038 5.9247038 5.9247038
"I.32.8.csv"	19	-0.011059476	1
3 1 5.9247038 47.540501 0.028669 20 2.8965107 0.94620923 9.0973867 2.8437386 6 0 0 0 0.041968074 1 1 1 230394.12 4 5.9247038 5.9247038 5.9247038 5.9247038
"I.32.8.csv"	19	-0.011059476	1
3 1 5.9247038 47.540501 0.028669 20 2.8965107 0.94620923 9.0973867 2.8437386 6 0 0 0 0.041968074 1 1 1 230394.12 4 5.9247038 5.9247038 5.9247038 5.9247038
"I.32.8.csv"	19	-0.011059476	1
3 1 5.9247038 47.540501 0.028669 20 2.8965107 0.94620923 9.0973867 2.8437386 6 0 0 0 0.041968074 1 1 1 230394.12 4 5.9247038 5.9247038 5.9247038 5.9247038
"I.32.8.csv"	19	-0.011059476	1
3 1 5.9247038 47.540501 0.028669 20 2.8965107 0.94620923 9.0973867 2.8437386 6 0 0 0 0.041968074 1 1 1 230394.12 4 5.9247038 5.9247038 5.9247038 5.9247038
"I.32.8.csv"	19	-0.011059476	1
3 1 5.9247038 47.540501 0.028669 20 2.8965107 0.94620923 9.0973867 2.8437386 6 0 0 0 0.041968074 1 1 1 230394.12 4 5.9247038 5.9247038 5.9247038 5.9247038
"I.32.8.csv"	19	-0.011059476	1
3 1 5.9247038 47.540501 0.028669 20 2.8965107 0.94620923 9.0973867 2.8437386 6 0 0 0 0.041968074 1 1 1 230394.12 4 5.9247038 5.9247038 5.9247038 5.9247038
"I.32.8.csv"	19	-0.011059476	1
3 1 5.9247038 47.540501 0.028669 20 2.8965107 0.94620923 9.0973867 2.8437386 6 0 0 0 0.041968074 1 1 1 230394.12 4 5.9247038 5.9247038 5.9247038 5.9247038
"I.32.8.csv"	19	-0.011059476	1
3 1 5.9247038 47.540501 0.028669 20 2.8965107 0.94620923 9.0973867 2.8437386 6 0 0 0 0.041968074 1 1 1 230394.12 4 5.9247038 5.9247038 5.9247038 5.9247038
"I.32.8.csv"	19	-0.011059476	1
3 1 5.9247038 47.540501 0.028669 20 2.8965107 0.94620923 9.0973867 2.8437386 6 0 0 0 0.041968074 1 1 1 230394.12 4 5.9247038 5.9247038 5.9247038 5.9247038
"I.32.8.csv"	19	-0.011059476	1
3 1 5.9247038 47.540501 0.028669 20 2.8965107 0.94620923 9.0973867 2.8437386 6 0 0 0 0.041968074 1 1 1 230394.12 4 5.9247038 5.9247038 5.9247038 5.9247038
"I.32.8.csv"	19	-0.011059476	1
3 1 5.9247038 47.540501 0.028669 20 2.8965107 0.94620923 9.0973867 2.8437386 6 0 0 0 0.041968074 1 1 1 230394.12 4 5.9247038 5.9247038 5.9247038 5.9247038
"I.32.8.csv"	4	-0.011059476	1
3 1 5.9247038 47.540501 0.028669 20 2.8965107 0.94620923 9.0973867 2.8437386 6 0 0 0 0.041968074 1 1 1 230394.12 4 5.9247038 5.9247038 5.9247038 5.9247038
"I.32.8.csv"	17	-0.011059476	1
3 1 5.9247038 47.540501 0.028669 20 2.8965107 0.94620923 9.0973867 2.8437386 6 0 0 0 0.041968074 1 1 1 230394.12 4 5.9247038 5.9247038 5.9247038 5.9247038
"I.32.8.csv"	17	-0.011059476	1
3 1 5.9247038 47.540501 0.028669 20 2.8965107 0.94620923 9.0973867 2.8437386 6 0 0 0 0.041968074 1 1 1 230394.12 4 5.9247038 5.9247038 5.9247038 5.9247038
"I.34.6.csv"	3	3.2637605e-06	1
1 1 0.60842008 0.047552914 0.230377 0.995242 3.5074882 0.9991907 0.81659735 0.0047867683 2 0 0 0 0 1 0 1 1.1949405 0
"I.34.6.csv"	1	-6.5426094e-05	1
1 1 0.60842008 0.047552914 0.230377 0.995242 3.5074882 0.9991907 0.81659735 0.0047867683 2 0 0 0 0 1 0 1 1.1949405 0
"I.34.6.csv"	12	-6.5426094e-05	1
1 1 0.60842008 0.047552914 0.230377 0.995242 3.5074882 0.9991907 0.81659735 0.0047867683 2 0 0 0 0 1 0 1 1.1949405 0
"I.34.6.csv"	4	6.9714521e-06	1
1 1 0.60842008 0.047552914 0.230377 0.995242 3.5074882 0.9991907 0.81659735 0.0047867683 2 0 0 0 0 1 0 1 1.1949405 0
"I.34.6.csv"	3	6.4924282e-06	1
1 1 0.60842008 0.047552914 0.230377 0.995242 3.5074882 0.9991907 0.81659735 0.0047867683 2 0 0 0 0 1 0 1 1.1949405 0
"I.34.6.csv"	1	-5.5400655e-05	1
1 1 0.60842008 0.047552914 0.230377 0.995242 3.5074882 0.9991907 0.81659735 0.0047867683 2 0 0 0 0 1 0 1 1.1949405 0
"I.34.6.csv"	12	-5.5400655e-05	1
1 1 0.60842008 0.047552914 0.230377 0.995242 3.5074882 0.9991907 0.81659735 0.0047867683 2 0 0 0 0 1 0 1 1.1949405 0
"I.34.6.csv"	4	6.0733895e-06	1
1 1 0.60842008 0.047552914 0.230377 0.995242 3.5074882 0.9991907 0.81659735 0.0047867683 2 0 0 0 0 1 0 1 1.1949405 0
"I.34.6.csv"	21	-5.5400655e-05	1
1 1 0.60842008 0.047552914 0.230377 0.995242 3.5074882 0.9991907 0.81659735 0.0047867683 2 0 0 0 0 1 0 1 1.1949405 0
"I.34.6.csv"	2	6.8625274e-06	1
1 1 0.60842008 0.047552914 0.230377 0.995242 3.5074882 0.9991907 0.81659735 0.0047867683 2 0 0 0 0 1 0 1 1.1949405 0
"I.34.6.csv"	3	6.5701473e-06	1
1 1 0.60842008 0.047552914 0.230377 0.995242 3.5074882 0.9991907 0.81659735 0.0047867683 2 0 0 0 0 1 0 1 1.1949405 0
"I.34.6.csv"	1	1.7966677e-05	1
1 1 0.60842008 0.047552914 0.230377 0.995242 3.5074882 0.9991907 0.81659735 0.0047867683 2 0 0 0 0 1 0 1 1.1949405 0
"I.34.6.csv"	12	-5.5379649e-05	1
1 1 0.60842008 0.047552914 0.230377 0.995242 3.5074882 0.9991907 0.81659735 0.0047867683 2 0 0 0 0 1 0 1 1.1949405 0
"I.34.6.csv"	4	7.674666e-06	1
1 1 0.60842008 0.047552914 0.230377 0.995242 3.5074882 0.9991907 0.81659735 0.0047867683 2 0 0 0 0 1 0 1 1.1949405 0
"I.34.6.csv"	21	-5.5379649e-05	1
1 1 0.60842008 0.047552914 0.230377 0.995242 3.5074882 0.9991907 0.81659735 0.0047867683 2 0 0 0 0 1 0 1 1.1949405 0
"I.34.6.csv"	2	5.441245e-06	1
1 1 0.60842008 0.047552914 0.230377 0.995242 3.5074882 0.9991907 0.81659735 0.0047867683 2 0 0 0 0 1 0 1 1.1949405 0
"I.34.6.csv"	3	6.6411146e-06	1
1 1 0.60842008 0.047552914 0.230377 0.995242 3.5074882 0.9991907 0.81659735 0.0047867683 2 0 0 0 0 1 0 1 1.1949405 0
"I.34.6.csv"	1	-5.5364021e-05	1
1 1 0.60842008 0.047552914 0.230377 0.995242 3.5074882 0.9991907 0.81659735 0.0047867683 2 0 0 0 0 1 0 1 1.1949405 0
"I.34.6.csv"	12	-5.5364021e-05	1
1 1 0.60842008 0.047552914 0.230377 0.995242 3.5074882 0.9991907 0.81659735 0.0047867683 2 0 0 0 0 1 0 1 1.1949405 0
"I.34.6.csv"	4	6.3638744e-06	1
1 1 0.60842008 0.047552914 0.230377 0.995242 3.5074882 0.9991907 0.81659735 0.0047867683 2 0 0 0 0 1 0 1 1.1949405 0
"I.34.6.csv"	21	-5.5364021e-05	1
1 1 0.60842008 0.047552914 0.230377 0.995242 3.5074882 0.9991907 0.81659735 0.0047867683 2 0 0 0 0 1 0 1 1.1949405 0
"I.34.6.csv"	2	7.9707021e-06	1
1 1 0.60842008 0.047552914 0.230377 0.995242 3.5074882 0.9991907 0.81659735 0.0047867683 2 0 0 0 0 1 0 1 1.1949405 0
"I.34.6.csv"	3	6.7054578e-06	1
1 1 0.60842008 0.047552914 0.230377 0.995242 3.5074882 0.9991907 0.81659735 0.0047867683 2 0 0 0 0 1 0 1 1.1949405 0
"I.34.6.csv"	1	-5.5353505e-05	1
1 1 0.60842008 0.047552914 0.230377 0.995242 3.5074882 0.9991907 0.81659735 0.0047867683 2 0 0 0 0 1 0 1 1.1949405 0
"I.34.6.csv"	12	-5.5353505e-05	1
1 1 0.60842008 0.047552914 0.230377 0.995242 3.5074882 0.9991907 0.81659735 0.0047867683 2 0 0 0 0 1 0 1 1.1949405 0
"I.34.6.csv"	4	6.3091348e-06	1
1 1 0.60842008 0.047552914 0.230377 0.995242 3.5074882 0.9991907 0.81659735 0.0047867683 2 0 0 0 0 1 0 1 1.1949405 0
"I.34.6.csv"	21	-5.5353505e-05	1
1 1 0.60842008 0.047552914 0.230377 0.995242 3.5074882 0.9991907 0.81659735 0.0047867683 2 0 0 0 0 1 0 1 1.1949405 0
"I.34.6.csv"	2	3.012353e-06	1
1 1 0.60842008 0.047552914 0.230377 0.995242 3.5074882 0.9991907 0.81659735 0.0047867683 2 0 0 0 0 1 0 1 1.1949405 0
"I.34.6.csv"	3	6.7633332e-06	1
1 1 0.60842008 0.047552914 0.230377 0.995242 3.5074882 0.9991907 0.81659735 0.0047867683 2 0 0 0 0 1 0 1 1.1949405 0
"I.34.6.csv"	1	1.8401831e-05	1
1 1 0.60842008 0.047552914 0.230377 0.995242 3.5074882 0.9991907 0.81659735 0.0047867683 2 0 0 0 0 1 0 1 1.1949405 0
"I.34.6.csv"	12	-5.5347816e-05	1
1 1 0.60842008 0.047552914 0.230377 0.995242 3.5074882 0.9991907 0.81659735 0.0047867683 2 0 0 0 0 1 0 1 1.1949405 0
"I.34.6.csv"	4	7.8622588e-06	1
1 1 0.60842008 0.047552914 0.230377 0.995242 3.5074882 0.9991907 0.81659735 0.0047867683 2 0 0 0 0 1 0 1 1.1949405 0
"I.34.6.csv"	21	-5.5347816e-05	1
1 1 0.60842008 0.047552914 0.230377 0.995242 3.5074882 0.9991907 0.81659735 0.0047867683 2 0 0 0 0 1 0 1 1.1949405 0
"I.34.6.csv"	2	7.8907975e-06	1
1 1 0.60842008 0.047552914 0.230377 0.995242 3.5074882 0.9991907 0.81659735 0.0047867683 2 0 0 0 0 1 0 1 1.1949405 0
"I.43.27.csv"	19	-0.0030313573	1
3 1 0.3193777 0.14824619 0.028346 2.505035 6.4324987 0.9051502 1.2220006 0.18312211 5 0 0 0 0.10225485 0 1 1 19801.429 4 0.3193777 0.3193777 0.3193777 0.3193777
"I.43.27.csv"	19	0.0021356906	1
3 1 0.3193777 0.14824619 0.028346 2.505035 6.4324987 0.9051502 1.2220006 0.18312211 5 0 0 0 0.10225485 0 1 1 19801.429 4 0.3193777 0.3193777 0.3193777 0.3193777
"I.43.27.csv"	19	-0.0030313573	1
3 1 0.3193777 0.14824619 0.028346 2.505035 6.4324987 0.9051502 1.2220006 0.18312211 5 0 0 0 0.10225485 0 1 1 19801.429 4 0.3193777 0.3193777 0.3193777 0.3193777
"I.43.27.csv"	19	-0.0030313573	1
3 1 0.3193777 0.14824619 0.028346 2.505035 6.4324987 0.9051502 1.2220006 0.18312211 5 0 0 0 0.10225485 0 1 1 19801.429 4 0.3193777 0.3193777 0.3193777 0.3193777
"I.47.23.csv"	3	4.6759687e-06	1
2 1 1.0415286 0.11089068 0.459795 2.067665 4.8284018 0.99255536 0.44313527 0.056724762 4 0 0 0 -0.01935284 0 1 1 69002 4 1.0415286 1.0415286 1.0415286 1.0415286
"I.47.23.csv"	1	-0.0056886354	1
2 1 1.0415286 0.11089068 0.459795 2.067665 4.8284018 0.99255536 0.44313527 0.056724762 4 0 0 0 -0.01935284 0 1 1 69002 4 1.0415286 1.0415286 1.0415286 1.0415286
"I.47.23.csv"	12	-0.0056886354	1
2 1 1.0415286 0.11089068 0.459795 2.067665 4.8284018 0.99255536 0.44313527 0.056724762 4 0 0 0 -0.01935284 0 1 1 69002 4 1.0415286 1.0415286 1.0415286 1.0415286
"II.11.27.csv"	21	0.099860869	1
3 1 5.8771769 20.798201 0.255869 20 4.3293744 0.98961182 9.8872149 3.1468474 6 0 0 0 0.09644105 0 1 1 318894.81 4 5.8771769 5.8771769 5.8771769 5.8771769
"II.11.27.csv"	3	0.0034578584	1
3 1 5.8771769 20.798201 0.255869 20 4.3293744 0.98961182 9.8872149 3.1468474 6 0 0 0 0.09644105 0 1 1 318894.81 4 5.8771769 5.8771769 5.8771769 5.8771769
"II.11.27.csv"	1	-1.4844332	1
3 1 5.8771769 20.798201 0.255869 20 4.3293744 0.98961182 9.8872149 3.1468474 6 0 0 0 0.09644105 0 1 1 318894.81 4 5.8771769 5.8771769 5.8771769 5.8771769
"II.11.27.csv"	12	-1.4844332	1
3 1 5.8771769 20.798201 0.255869 20 4.3293744 0.98961182 9.8872149 3.1468474 6 0 0 0 0.09644105 0 1 1 318894.81 4 5.8771769 5.8771769 5.8771769 5.8771769
"II.11.27.csv"	19	0.11954627	1
3 1 5.8771769 20.798201 0.255869 20 4.3293744 0.98961182 9.8872149 3.1468474 6 0 0 0 0.09644105 0 1 1 318894.81 4 5.8771769 5.8771769 5.8771769 5.8771769
"II.34.29a.csv"	1	-3.5708098	1
2 1 11.728123 47.844202 0.640203 20 2.798892 0.93811951 8.44655 0.67219117 4 0 0 0 -0.076285278 1 1 1 90620.764 4 11.728123 11.728123 11.728123 11.728123
"II.34.29a.csv"	12	-3.5708098	1
2 1 11.728123 47.844202 0.640203 20 2.798892 0.93811951 8.44655 0.67219117 4 0 0 0 -0.076285278 1 1 1 90620.764 4 11.728123 11.728123 11.728123 11.728123
"III.4.33.csv"	4	-0.13573098	1
2 1 2.2804124 4.8525796 0.12303 11.150625 5.0060418 0.96767327 1.5658108 0.51060091 5 0 0 0 0.05508255 0 1 1 27552.926 4 2.2804124 2.2804124 2.2804124 2.2804124
"III.4.33.csv"	3	-0.13573098	1
2 1 2.2804124 4.8525796 0.12303 11.150625 5.0060418 0.96767327 1.5658108 0.51060091 5 0 0 0 0.05508255 0 1 1 27552.926 4 2.2804124 2.2804124 2.2804124 2.2804124
"III.4.33.csv"	1	-0.13573098	1
2 1 2.2804124 4.8525796 0.12303 11.150625 5.0060418 0.96767327 1.5658108 0.51060091 5 0 0 0 0.05508255 0 1 1 27552.926 4 2.2804124 2.2804124 2.2804124 2.2804124
"III.4.33.csv"	12	-0.13573098	1
2 1 2.2804124 4.8525796 0.12303 11.150625 5.0060418 0.96767327 1.5658108 0.51060091 5 0 0 0 0.05508255 0 1 1 27552.926 4 2.2804124 2.2804124 2.2804124 2.2804124
"III.4.33.csv"	17	-0.13573098	1
2 1 2.2804124 4.8525796 0.12303 11.150625 5.0060418 0.96767327 1.5658108 0.51060091 5 0 0 0 0.05508255 0 1 1 27552.926 4 2.2804124 2.2804124 2.2804124 2.2804124
"III.10.19.csv"	1	-0.046016314	1
2 1 4.3510542 1.4438972 1.679577 6.931923 4.3710441 0.99962481 0.69589268 0.11161292 5 0 0 0 -0.055223872 0 1 1 20416.081 4 4.3510542 4.3510542 4.3510542 4.3510542
"III.10.19.csv"	12	-0.046016314	1
2 1 4.3510542 1.4438972 1.679577 6.931923 4.3710441 0.99962481 0.69589268 0.11161292 5 0 0 0 -0.055223872 0 1 1 20416.081 4 4.3510542 4.3510542 4.3510542 4.3510542
"III.10.19.csv"	4	-0.00046787254	1
2 1 4.3510542 1.4438972 1.679577 6.931923 4.3710441 0.99962481 0.69589268 0.11161292 5 0 0 0 -0.055223872 0 1 1 20416.081 4 4.3510542 4.3510542 4.3510542 4.3510542
"III.10.19.csv"	21	0.00015192389	1
2 1 4.3510542 1.4438972 1.679577 6.931923 4.3710441 0.99962481 0.69589268 0.11161292 5 0 0 0 -0.055223872 0 1 1 20416.081 4 4.3510542 4.3510542 4.3510542 4.3510542
"III.10.19.csv"	3	0.0001355201	1
2 1 4.3510542 1.4438972 1.679577 6.931923 4.3710441 0.99962481 0.69589268 0.11161292 5 0 0 0 -0.055223872 0 1 1 20416.081 4 4.3510542 4.3510542 4.3510542 4.3510542
"III.10.19.csv"	1	-0.00046787254	1
2 1 4.3510542 1.4438972 1.679577 6.931923 4.3710441 0.99962481 0.69589268 0.11161292 5 0 0 0 -0.055223872 0 1 1 20416.081 4 4.3510542 4.3510542 4.3510542 4.3510542
"III.10.19.csv"	12	-0.00046787254	1
2 1 4.3510542 1.4438972 1.679577 6.931923 4.3710441 0.99962481 0.69589268 0.11161292 5 0 0 0 -0.055223872 0 1 1 20416.081 4 4.3510542 4.3510542 4.3510542 4.3510542
"III.10.19.csv"	2	-0.00046787254	1
2 1 4.3510542 1.4438972 1.679577 6.931923 4.3710441 0.99962481 0.69589268 0.11161292 5 0 0 0 -0.055223872 0 1 1 20416.081 4 4.3510542 4.3510542 4.3510542 4.3510542
"III.10.19.csv"	17	-0.00046787254	1
2 1 4.3510542 1.4438972 1.679577 6.931923 4.3710441 0.99962481 0.69589268 0.11161292 5 0 0 0 -0.055223872 0 1 1 20416.081 4 4.3510542 4.3510542 4.3510542 4.3510542
"III.10.19.csv"	17	-0.00046787254	1
2 1 4.3510542 1.4438972 1.679577 6.931923 4.3710441 0.99962481 0.69589268 0.11161292 5 0 0 0 -0.055223872 0 1 1 20416.081 4 4.3510542 4.3510542 4.3510542 4.3510542
"III.10.19.csv"	4	-0.00046532148	1
2 1 4.3510542 1.4438972 1.679577 6.931923 4.3710441 0.99962481 0.69589268 0.11161292 5 0 0 0 -0.055223872 0 1 1 20416.081 4 4.3510542 4.3510542 4.3510542 4.3510542
"III.10.19.csv"	21	-0.00046532148	1
2 1 4.3510542 1.4438972 1.679577 6.931923 4.3710441 0.99962481 0.69589268 0.11161292 5 0 0 0 -0.055223872 0 1 1 20416.081 4 4.3510542 4.3510542 4.3510542 4.3510542
"III.10.19.csv"	3	-0.00046532148	1
2 1 4.3510542 1.4438972 1.679577 6.931923 4.3710441 0.99962481 0.69589268 0.11161292 5 0 0 0 -0.055223872 0 1 1 20416.081 4 4.3510542 4.3510542 4.3510542 4.3510542
"III.10.19.csv"	1	-0.00046532148	1
2 1 4.3510542 1.4438972 1.679577 6.931923 4.3710441 0.99962481 0.69589268 0.11161292 5 0 0 0 -0.055223872 0 1 1 20416.081 4 4.3510542 4.3510542 4.3510542 4.3510542
"III.10.19.csv"	12	-0.00046532148	1
2 1 4.3510542 1.4438972 1.679577 6.931923 4.3710441 0.99962481 0.69589268 0.11161292 5 0 0 0 -0.055223872 0 1 1 20416.081 4 4.3510542 4.3510542 4.3510542 4.3510542
"III.10.19.csv"	2	-0.00046532148	1
2 1 4.3510542 1.4438972 1.679577 6.931923 4.3710441 0.99962481 0.69589268 0.11161292 5 0 0 0 -0.055223872 0 1 1 20416.081 4 4.3510542 4.3510542 4.3510542 4.3510542
"III.10.19.csv"	17	-0.00046532148	1
2 1 4.3510542 1.4438972 1.679577 6.931923 4.3710441 0.99962481 0.69589268 0.11161292 5 0 0 0 -0.055223872 0 1 1 20416.081 4 4.3510542 4.3510542 4.3510542 4.3510542
"III.10.19.csv"	17	-0.00046532148	1
2 1 4.3510542 1.4438972 1.679577 6.931923 4.3710441 0.99962481 0.69589268 0.11161292 5 0 0 0 -0.055223872 0 1 1 20416.081 4 4.3510542 4.3510542 4.3510542 4.3510542
"I.48.20.csv"	3	0.0083093184	1
3 1 6.7854965 7.7763274 1.732095 15.425545 4.9104988 0.99982526 0.74383101 1.0476901 7 1 0 1 0.1587721 0 1 1 1023406.7 4 6.7854965 6.7854965 6.7854965 6.7854965
"I.48.20.csv"	1	-0.22358325	1
3 1 6.7854965 7.7763274 1.732095 15.425545 4.9104988 0.99982526 0.74383101 1.0476901 7 1 0 1 0.1587721 0 1 1 1023406.7 4 6.7854965 6.7854965 6.7854965 6.7854965
"I.48.20.csv"	12	-0.22358325	1
3 1 6.7854965 7.7763274 1.732095 15.425545 4.9104988 0.99982526 0.74383101 1.0476901 7 1 0 1 0.1587721 0 1 1 1023406.7 4 6.7854965 6.7854965 6.7854965 6.7854965
"I.48.20.csv"	4	-0.0068258286	1
3 1 6.7854965 7.7763274 1.732095 15.425545 4.9104988 0.99982526 0.74383101 1.0476901 7 1 0 1 0.1587721 0 1 1 1023406.7 4 6.7854965 6.7854965 6.7854965 6.7854965
"I.48.20.csv"	21	-0.0068258286	1
3 1 6.7854965 7.7763274 1.732095 15.425545 4.9104988 0.99982526 0.74383101 1.0476901 7 1 0 1 0.1587721 0 1 1 1023406.7 4 6.7854965 6.7854965 6.7854965 6.7854965
"I.48.20.csv"	3	-0.0068258286	1
3 1 6.7854965 7.7763274 1.732095 15.425545 4.9104988 0.99982526 0.74383101 1.0476901 7 1 0 1 0.1587721 0 1 1 1023406.7 4 6.7854965 6.7854965 6.7854965 6.7854965
"I.48.20.csv"	1	-0.0068258286	1
3 1 6.7854965 7.7763274 1.732095 15.425545 4.9104988 0.99982526 0.74383101 1.0476901 7 1 0 1 0.1587721 0 1 1 1023406.7 4 6.7854965 6.7854965 6.7854965 6.7854965
"I.48.20.csv"	12	-0.0068258286	1
3 1 6.7854965 7.7763274 1.732095 15.425545 4.9104988 0.99982526 0.74383101 1.0476901 7 1 0 1 0.1587721 0 1 1 1023406.7 4 6.7854965 6.7854965 6.7854965 6.7854965
"I.48.20.csv"	2	-0.0068258286	1
3 1 6.7854965 7.7763274 1.732095 15.425545 4.9104988 0.99982526 0.74383101 1.0476901 7 1 0 1 0.1587721 0 1 1 1023406.7 4 6.7854965 6.7854965 6.7854965 6.7854965
"I.48.20.csv"	17	-0.0068258286	1
3 1 6.7854965 7.7763274 1.732095 15.425545 4.9104988 0.99982526 0.74383101 1.0476901 7 1 0 1 0.1587721 0 1 1 1023406.7 4 6.7854965 6.7854965 6.7854965 6.7854965
"I.48.20.csv"	17	-0.0068258286	1
3 1 6.7854965 7.7763274 1.732095 15.425545 4.9104988 0.99982526 0.74383101 1.0476901 7 1 0 1 0.1587721 0 1 1 1023406.7 4 6.7854965 6.7854965 6.7854965 6.7854965
"I.48.20.csv"	19	-0.0068258286	1
3 1 6.7854965 7.7763274 1.732095 15.425545 4.9104988 0.99982526 0.74383101 1.0476901 7 1 0 1 0.1587721 0 1 1 1023406.7 4 6.7854965 6.7854965 6.7854965 6.7854965
"I.48.20.csv"	19	-0.0068258286	1
3 1 6.7854965 7.7763274 1.732095 15.425545 4.9104988 0.99982526 0.74383101 1.0476901 7 1 0 1 0.1587721 0 1 1 1023406.7 4 6.7854965 6.7854965 6.7854965 6.7854965
"I.48.20.csv"	19	-0.0068258286	1
3 1 6.7854965 7.7763274 1.732095 15.425545 4.9104988 0.99982526 0.74383101 1.0476901 7 1 0 1 0.1587721 0 1 1 1023406.7 4 6.7854965 6.7854965 6.7854965 6.7854965
"I.48.20.csv"	14	8.2098968e-05	1
3 1 6.7854965 7.7763274 1.732095 15.425545 4.9104988 0.99982526 0.74383101 1.0476901 7 1 0 1 0.1587721 0 1 1 1023406.7 4 6.7854965 6.7854965 6.7854965 6.7854965
"I.48.20.csv"	4	-0.0036805198	1
3 1 6.7854965 7.7763274 1.732095 15.425545 4.9104988 0.99982526 0.74383101 1.0476901 7 1 0 1 0.1587721 0 1 1 1023406.7 4 6.7854965 6.7854965 6.7854965 6.7854965
"I.48.20.csv"	21	-0.0036805198	1
3 1 6.7854965 7.7763274 1.732095 15.425545 4.9104988 0.99982526 0.74383101 1.0476901 7 1 0 1 0.1587721 0 1 1 1023406.7 4 6.7854965 6.7854965 6.7854965 6.7854965
"I.48.20.csv"	21	-0.0060595497	1
3 1 6.7854965 7.7763274 1.732095 15.425545 4.9104988 0.99982526 0.74383101 1.0476901 7 1 0 1 0.1587721 0 1 1 1023406.7 4 6.7854965 6.7854965 6.7854965 6.7854965
"I.48.20.csv"	3	-0.0060595497	1
3 1 6.7854965 7.7763274 1.732095 15.425545 4.9104988 0.99982526 0.74383101 1.0476901 7 1 0 1 0.1587721 0 1 1 1023406.7 4 6.7854965 6.7854965 6.7854965 6.7854965
"I.48.20.csv"	1	-0.0060595497	1
3 1 6.7854965 7.7763274 1.732095 15.425545 4.9104988 0.99982526 0.74383101 1.0476901 7 1 0 1 0.1587721 0 1 1 1023406.7 4 6.7854965 6.7854965 6.7854965 6.7854965
"I.48.20.csv"	12	-0.0060595497	1
3 1 6.7854965 7.7763274 1.732095 15.425545 4.9104988 0.99982526 0.74383101 1.0476901 7 1 0 1 0.1587721 0 1 1 1023406.7 4 6.7854965 6.7854965 6.7854965 6.7854965
"I.48.20.csv"	2	-0.0060595497	1
3 1 6.7854965 7.7763274 1.732095 15.425545 4.9104988 0.99982526 0.74383101 1.0476901 7 1 0 1 0.1587721 0 1 1 1023406.7 4 6.7854965 6.7854965 6.7854965 6.7854965
"I.48.20.csv"	17	0.000118551	1
3 1 6.7854965 7.7763274 1.732095 15.425545 4.9104988 0.99982526 0.74383101 1.0476901 7 1 0 1 0.1587721 0 1 1 1023406.7 4 6.7854965 6.7854965 6.7854965 6.7854965
"I.48.20.csv"	17	0.0014574347	1
3 1 6.7854965 7.7763274 1.732095 15.425545 4.9104988 0.99982526 0.74383101 1.0476901 7 1 0 1 0.1587721 0 1 1 1023406.7 4 6.7854965 6.7854965 6.7854965 6.7854965
"I.48.20.csv"	19	-0.0060595497	1
3 1 6.7854965 7.7763274 1.732095 15.425545 4.9104988 0.99982526 0.74383101 1.0476901 7 1 0 1 0.1587721 0 1 1 1023406.7 4 6.7854965 6.7854965 6.7854965 6.7854965
"I.48.20.csv"	19	-0.0060595497	1
3 1 6.7854965 7.7763274 1.732095 15.425545 4.9104988 0.99982526 0.74383101 1.0476901 7 1 0 1 0.1587721 0 1 1 1023406.7 4 6.7854965 6.7854965 6.7854965 6.7854965
"I.48.20.csv"	4	-0.002597964	1
3 1 6.7854965 7.7763274 1.732095 15.425545 4.9104988 0.99982526 0.74383101 1.0476901 7 1 0 1 0.1587721 0 1 1 1023406.7 4 6.7854965 6.7854965 6.7854965 6.7854965
"I.48.20.csv"	21	-0.002597964	1
3 1 6.7854965 7.7763274 1.732095 15.425545 4.9104988 0.99982526 0.74383101 1.0476901 7 1 0 1 0.1587721 0 1 1 1023406.7 4 6.7854965 6.7854965 6.7854965 6.7854965
"I.48.20.csv"	3	0.0010090902	1
3 1 6.7854965 7.7763274 1.732095 15.425545 4.9104988 0.99982526 0.74383101 1.0476901 7 1 0 1 0.1587721 0 1 1 1023406.7 4 6.7854965 6.7854965 6.7854965 6.7854965
"I.48.20.csv"	12	-0.002597964	1
3 1 6.7854965 7.7763274 1.732095 15.425545 4.9104988 0.99982526 0.74383101 1.0476901 7 1 0 1 0.1587721 0 1 1 1023406.7 4 6.7854965 6.7854965 6.7854965 6.7854965
"I.48.20.csv"	2	-0.002597964	1
3 1 6.7854965 7.7763274 1.732095 15.425545 4.9104988 0.99982526 0.74383101 1.0476901 7 1 0 1 0.1587721 0 1 1 1023406.7 4 6.7854965 6.7854965 6.7854965 6.7854965
"I.48.20.csv"	17	-0.002597964	1
3 1 6.7854965 7.7763274 1.732095 15.425545 4.9104988 0.99982526 0.74383101 1.0476901 7 1 0 1 0.1587721 0 1 1 1023406.7 4 6.7854965 6.7854965 6.7854965 6.7854965
"I.48.20.csv"	17	-0.002597964	1
3 1 6.7854965 7.7763274 1.732095 15.425545 4.9104988 0.99982526 0.74383101 1.0476901 7 1 0 1 0.1587721 0 1 1 1023406.7 4 6.7854965 6.7854965 6.7854965 6.7854965
"I.48.20.csv"	19	-0.002597964	1
3 1 6.7854965 7.7763274 1.732095 15.425545 4.9104988 0.99982526 0.74383101 1.0476901 7 1 0 1 0.1587721 0 1 1 1023406.7 4 6.7854965 6.7854965 6.7854965 6.7854965
"I.48.20.csv"	19	-0.002597964	1
3 1 6.7854965 7.7763274 1.732095 15.425545 4.9104988 0.99982526 0.74383101 1.0476901 7 1 0 1 0.1587721 0 1 1 1023406.7 4 6.7854965 6.7854965 6.7854965 6.7854965
"I.48.20.csv"	19	-0.002597964	1
3 1 6.7854965 7.7763274 1.732095 15.425545 4.9104988 0.99982526 0.74383101 1.0476901 7 1 0 1 0.1587721 0 1 1 1023406.7 4 6.7854965 6.7854965 6.7854965 6.7854965
"I.48.20.csv"	12	-0.0017420473	1
3 1 6.7854965 7.7763274 1.732095 15.425545 4.9104988 0.99982526 0.74383101 1.0476901 7 1 0 1 0.1587721 0 1 1 1023406.7 4 6.7854965 6.7854965 6.7854965 6.7854965
"I.48.20.csv"	2	-0.0017420473	1
3 1 6.7854965 7.7763274 1.732095 15.425545 4.9104988 0.99982526 0.74383101 1.0476901 7 1 0 1 0.1587721 0 1 1 1023406.7 4 6.7854965 6.7854965 6.7854965 6.7854965
"I.48.20.csv"	19	-0.0017420473	1
3 1 6.7854965 7.7763274 1.732095 15.425545 4.9104988 0.99982526 0.74383101 1.0476901 7 1 0 1 0.1587721 0 1 1 1023406.7 4 6.7854965 6.7854965 6.7854965 6.7854965
"I.48.20.csv"	19	-0.0017420473	1
3 1 6.7854965 7.7763274 1.732095 15.425545 4.9104988 0.99982526 0.74383101 1.0476901 7 1 0 1 0.1587721 0 1 1 1023406.7 4 6.7854965 6.7854965 6.7854965 6.7854965
"I.48.20.csv"	19	-0.0017420473	1
3 1 6.7854965 7.7763274 1.732095 15.425545 4.9104988 0.99982526 0.74383101 1.0476901 7 1 0 1 0.1587721 0 1 1 1023406.7 4 6.7854965 6.7854965 6.7854965 6.7854965
