"I.48.20.csv"	3	0.00053519272	1
3 1 6.7814076 7.3350276 1.732095 15.345413 5.0264702 0.99980464 0.78123038 1.0493802 7 1 0 1 0.078455343 0 1 1 378863.91 4 6.7814076 6.7814076 6.7814076 6.7814076
"I.48.20.csv"	1	-0.23412813	1
3 1 6.7814076 7.3350276 1.732095 15.345413 5.0264702 0.99980464 0.78123038 1.0493802 7 1 0 1 0.078455343 0 1 1 378863.91 4 6.7814076 6.7814076 6.7814076 6.7814076
"I.48.20.csv"	12	-0.23412813	1
3 1 6.7814076 7.3350276 1.732095 15.345413 5.0264702 0.99980464 0.78123038 1.0493802 7 1 0 1 0.078455343 0 1 1 378863.91 4 6.7814076 6.7814076 6.7814076 6.7814076
"I.48.20.csv"	19	-0.23412813	1
3 1 6.7814076 7.3350276 1.732095 15.345413 5.0264702 0.99980464 0.78123038 1.0493802 7 1 0 1 0.078455343 0 1 1 378863.91 4 6.7814076 6.7814076 6.7814076 6.7814076
"I.48.20.csv"	19	-0.23412813	1
3 1 6.7814076 7.3350276 1.732095 15.345413 5.0264702 0.99980464 0.78123038 1.0493802 7 1 0 1 0.078455343 0 1 1 378863.91 4 6.7814076 6.7814076 6.7814076 6.7814076
"I.48.20.csv"	14	0.00012128914	1
3 1 6.7814076 7.3350276 1.732095 15.345413 5.0264702 0.99980464 0.78123038 1.0493802 7 1 0 1 0.078455343 0 1 1 378863.91 4 6.7814076 6.7814076 6.7814076 6.7814076
"I.48.20.csv"	4	-0.0018856365	1
3 1 6.7814076 7.3350276 1.732095 15.345413 5.0264702 0.99980464 0.78123038 1.0493802 7 1 0 1 0.078455343 0 1 1 378863.91 4 6.7814076 6.7814076 6.7814076 6.7814076
"I.48.20.csv"	21	-0.0018856365	1
3 1 6.7814076 7.3350276 1.732095 15.345413 5.0264702 0.99980464 0.78123038 1.0493802 7 1 0 1 0.078455343 0 1 1 378863.91 4 6.7814076 6.7814076 6.7814076 6.7814076
"I.48.20.csv"	3	-0.0018856365	1
3 1 6.7814076 7.3350276 1.732095 15.345413 5.0264702 0.99980464 0.78123038 1.0493802 7 1 0 1 0.078455343 0 1 1 378863.91 4 6.7814076 6.7814076 6.7814076 6.7814076
"I.48.20.csv"	1	-0.0018856365	1
3 1 6.7814076 7.3350276 1.732095 15.345413 5.0264702 0.99980464 0.78123038 1.0493802 7 1 0 1 0.078455343 0 1 1 378863.91 4 6.7814076 6.7814076 6.7814076 6.7814076
"I.48.20.csv"	12	-0.0018856365	1
3 1 6.7814076 7.3350276 1.732095 15.345413 5.0264702 0.99980464 0.78123038 1.0493802 7 1 0 1 0.078455343 0 1 1 378863.91 4 6.7814076 6.7814076 6.7814076 6.7814076
"I.48.20.csv"	2	-0.0018856365	1
3 1 6.7814076 7.3350276 1.732095 15.345413 5.0264702 0.99980464 0.78123038 1.0493802 7 1 0 1 0.078455343 0 1 1 378863.91 4 6.7814076 6.7814076 6.7814076 6.7814076
"I.48.20.csv"	17	-0.0018856365	1
3 1 6.7814076 7.3350276 1.732095 15.345413 5.0264702 0.99980464 0.78123038 1.0493802 7 1 0 1 0.078455343 0 1 1 378863.91 4 6.7814076 6.7814076 6.7814076 6.7814076
"I.48.20.csv"	17	-0.0018856365	1
3 1 6.7814076 7.3350276 1.732095 15.345413 5.0264702 0.99980464 0.78123038 1.0493802 7 1 0 1 0.078455343 0 1 1 378863.91 4 6.7814076 6.7814076 6.7814076 6.7814076
"I.48.20.csv"	19	-0.0018856365	1
3 1 6.7814076 7.3350276 1.732095 15.345413 5.0264702 0.99980464 0.78123038 1.0493802 7 1 0 1 0.078455343 0 1 1 378863.91 4 6.7814076 6.7814076 6.7814076 6.7814076
"I.48.20.csv"	19	-0.0018856365	1
3 1 6.7814076 7.3350276 1.732095 15.345413 5.0264702 0.99980464 0.78123038 1.0493802 7 1 0 1 0.078455343 0 1 1 378863.91 4 6.7814076 6.7814076 6.7814076 6.7814076
"I.48.20.csv"	19	0.00054864514	1
3 1 6.7814076 7.3350276 1.732095 15.345413 5.0264702 0.99980464 0.78123038 1.0493802 7 1 0 1 0.078455343 0 1 1 378863.91 4 6.7814076 6.7814076 6.7814076 6.7814076
"I.48.20.csv"	4	-0.0018852568	1
3 1 6.7814076 7.3350276 1.732095 15.345413 5.0264702 0.99980464 0.78123038 1.0493802 7 1 0 1 0.078455343 0 1 1 378863.91 4 6.7814076 6.7814076 6.7814076 6.7814076
"I.48.20.csv"	21	-0.0018852568	1
3 1 6.7814076 7.3350276 1.732095 15.345413 5.0264702 0.99980464 0.78123038 1.0493802 7 1 0 1 0.078455343 0 1 1 378863.91 4 6.7814076 6.7814076 6.7814076 6.7814076
"I.48.20.csv"	3	-0.0018852568	1
3 1 6.7814076 7.3350276 1.732095 15.345413 5.0264702 0.99980464 0.78123038 1.0493802 7 1 0 1 0.078455343 0 1 1 378863.91 4 6.7814076 6.7814076 6.7814076 6.7814076
"I.48.20.csv"	1	-0.0018852568	1
3 1 6.7814076 7.3350276 1.732095 15.345413 5.0264702 0.99980464 0.78123038 1.0493802 7 1 0 1 0.078455343 0 1 1 378863.91 4 6.7814076 6.7814076 6.7814076 6.7814076
"I.48.20.csv"	12	-0.0018852568	1
3 1 6.7814076 7.3350276 1.732095 15.345413 5.0264702 0.99980464 0.78123038 1.0493802 7 1 0 1 0.078455343 0 1 1 378863.91 4 6.7814076 6.7814076 6.7814076 6.7814076
"I.48.20.csv"	2	-0.0018852568	1
3 1 6.7814076 7.3350276 1.732095 15.345413 5.0264702 0.99980464 0.78123038 1.0493802 7 1 0 1 0.078455343 0 1 1 378863.91 4 6.7814076 6.7814076 6.7814076 6.7814076
"I.48.20.csv"	17	-0.0018852568	1
3 1 6.7814076 7.3350276 1.732095 15.345413 5.0264702 0.99980464 0.78123038 1.0493802 7 1 0 1 0.078455343 0 1 1 378863.91 4 6.7814076 6.7814076 6.7814076 6.7814076
"I.48.20.csv"	17	-0.0018852568	1
3 1 6.7814076 7.3350276 1.732095 15.345413 5.0264702 0.99980464 0.78123038 1.0493802 7 1 0 1 0.078455343 0 1 1 378863.91 4 6.7814076 6.7814076 6.7814076 6.7814076
"I.48.20.csv"	19	-0.0018852568	1
3 1 6.7814076 7.3350276 1.732095 15.345413 5.0264702 0.99980464 0.78123038 1.0493802 7 1 0 1 0.078455343 0 1 1 378863.91 4 6.7814076 6.7814076 6.7814076 6.7814076
"I.48.20.csv"	19	-0.0018852568	1
3 1 6.7814076 7.3350276 1.732095 15.345413 5.0264702 0.99980464 0.78123038 1.0493802 7 1 0 1 0.078455343 0 1 1 378863.91 4 6.7814076 6.7814076 6.7814076 6.7814076
"I.48.20.csv"	19	-0.0018852568	1
3 1 6.7814076 7.3350276 1.732095 15.345413 5.0264702 0.99980464 0.78123038 1.0493802 7 1 0 1 0.078455343 0 1 1 378863.91 4 6.7814076 6.7814076 6.7814076 6.7814076
"I.48.20.csv"	4	-0.0013135018	1
3 1 6.7814076 7.3350276 1.732095 15.345413 5.0264702 0.99980464 0.78123038 1.0493802 7 1 0 1 0.078455343 0 1 1 378863.91 4 6.7814076 6.7814076 6.7814076 6.7814076
"I.48.20.csv"	21	-0.0013135018	1
3 1 6.7814076 7.3350276 1.732095 15.345413 5.0264702 0.99980464 0.78123038 1.0493802 7 1 0 1 0.078455343 0 1 1 378863.91 4 6.7814076 6.7814076 6.7814076 6.7814076
"I.48.20.csv"	3	-0.0013135018	1
3 1 6.7814076 7.3350276 1.732095 15.345413 5.0264702 0.99980464 0.78123038 1.0493802 7 1 0 1 0.078455343 0 1 1 378863.91 4 6.7814076 6.7814076 6.7814076 6.7814076
"I.48.20.csv"	1	-0.0013135018	1
3 1 6.7814076 7.3350276 1.732095 15.345413 5.0264702 0.99980464 0.78123038 1.0493802 7 1 0 1 0.078455343 0 1 1 378863.91 4 6.7814076 6.7814076 6.7814076 6.7814076
"I.48.20.csv"	12	-0.0013135018	1
3 1 6.7814076 7.3350276 1.732095 15.345413 5.0264702 0.99980464 0.78123038 1.0493802 7 1 0 1 0.078455343 0 1 1 378863.91 4 6.7814076 6.7814076 6.7814076 6.7814076
"I.48.20.csv"	2	-0.0013135018	1
3 1 6.7814076 7.3350276 1.732095 15.345413 5.0264702 0.99980464 0.78123038 1.0493802 7 1 0 1 0.078455343 0 1 1 378863.91 4 6.7814076 6.7814076 6.7814076 6.7814076
"I.48.20.csv"	17	-0.0013135018	1
3 1 6.7814076 7.3350276 1.732095 15.345413 5.0264702 0.99980464 0.78123038 1.0493802 7 1 0 1 0.078455343 0 1 1 378863.91 4 6.7814076 6.7814076 6.7814076 6.7814076
"I.48.20.csv"	17	-0.0013135018	1
3 1 6.7814076 7.3350276 1.732095 15.345413 5.0264702 0.99980464 0.78123038 1.0493802 7 1 0 1 0.078455343 0 1 1 378863.91 4 6.7814076 6.7814076 6.7814076 6.7814076
"I.48.20.csv"	19	-0.0013135018	1
3 1 6.7814076 7.3350276 1.732095 15.345413 5.0264702 0.99980464 0.78123038 1.0493802 7 1 0 1 0.078455343 0 1 1 378863.91 4 6.7814076 6.7814076 6.7814076 6.7814076
"I.48.20.csv"	19	-0.0013135018	1
3 1 6.7814076 7.3350276 1.732095 15.345413 5.0264702 0.99980464 0.78123038 1.0493802 7 1 0 1 0.078455343 0 1 1 378863.91 4 6.7814076 6.7814076 6.7814076 6.7814076
"I.48.20.csv"	19	-0.0013135018	1
3 1 6.7814076 7.3350276 1.732095 15.345413 5.0264702 0.99980464 0.78123038 1.0493802 7 1 0 1 0.078455343 0 1 1 378863.91 4 6.7814076 6.7814076 6.7814076 6.7814076
"I.48.20.csv"	3	0.00053519272	1
3 1 6.7814076 7.3350276 1.732095 15.345413 5.0264702 0.99980464 0.78123038 1.0493802 7 1 0 1 0.078455343 0 1 1 378863.91 4 6.7814076 6.7814076 6.7814076 6.7814076
"I.48.20.csv"	1	-0.23412813	1
3 1 6.7814076 7.3350276 1.732095 15.345413 5.0264702 0.99980464 0.78123038 1.0493802 7 1 0 1 0.078455343 0 1 1 378863.91 4 6.7814076 6.7814076 6.7814076 6.7814076
"I.48.20.csv"	12	-0.23412813	1
3 1 6.7814076 7.3350276 1.732095 15.345413 5.0264702 0.99980464 0.78123038 1.0493802 7 1 0 1 0.078455343 0 1 1 378863.91 4 6.7814076 6.7814076 6.7814076 6.7814076
"I.48.20.csv"	19	-0.23412813	1
3 1 6.7814076 7.3350276 1.732095 15.345413 5.0264702 0.99980464 0.78123038 1.0493802 7 1 0 1 0.078455343 0 1 1 378863.91 4 6.7814076 6.7814076 6.7814076 6.7814076
"I.48.20.csv"	19	-0.23412813	1
3 1 6.7814076 7.3350276 1.732095 15.345413 5.0264702 0.99980464 0.78123038 1.0493802 7 1 0 1 0.078455343 0 1 1 378863.91 4 6.7814076 6.7814076 6.7814076 6.7814076
"I.48.20.csv"	14	0.00012128914	1
3 1 6.7814076 7.3350276 1.732095 15.345413 5.0264702 0.99980464 0.78123038 1.0493802 7 1 0 1 0.078455343 0 1 1 378863.91 4 6.7814076 6.7814076 6.7814076 6.7814076
"I.48.20.csv"	4	-0.0018856365	1
3 1 6.7814076 7.3350276 1.732095 15.345413 5.0264702 0.99980464 0.78123038 1.0493802 7 1 0 1 0.078455343 0 1 1 378863.91 4 6.7814076 6.7814076 6.7814076 6.7814076
"I.48.20.csv"	21	-0.0018856365	1
3 1 6.7814076 7.3350276 1.732095 15.345413 5.0264702 0.99980464 0.78123038 1.0493802 7 1 0 1 0.078455343 0 1 1 378863.91 4 6.7814076 6.7814076 6.7814076 6.7814076
"I.48.20.csv"	3	-0.0018856365	1
3 1 6.7814076 7.3350276 1.732095 15.345413 5.0264702 0.99980464 0.78123038 1.0493802 7 1 0 1 0.078455343 0 1 1 378863.91 4 6.7814076 6.7814076 6.7814076 6.7814076
"I.48.20.csv"	1	-0.0018856365	1
3 1 6.7814076 7.3350276 1.732095 15.345413 5.0264702 0.99980464 0.78123038 1.0493802 7 1 0 1 0.078455343 0 1 1 378863.91 4 6.7814076 6.7814076 6.7814076 6.7814076
"I.48.20.csv"	12	-0.0018856365	1
3 1 6.7814076 7.3350276 1.732095 15.345413 5.0264702 0.99980464 0.78123038 1.0493802 7 1 0 1 0.078455343 0 1 1 378863.91 4 6.7814076 6.7814076 6.7814076 6.7814076
"I.48.20.csv"	2	-0.0018856365	1
3 1 6.7814076 7.3350276 1.732095 15.345413 5.0264702 0.99980464 0.78123038 1.0493802 7 1 0 1 0.078455343 0 1 1 378863.91 4 6.7814076 6.7814076 6.7814076 6.7814076
"I.48.20.csv"	17	-0.0018856365	1
3 1 6.7814076 7.3350276 1.732095 15.345413 5.0264702 0.99980464 0.78123038 1.0493802 7 1 0 1 0.078455343 0 1 1 378863.91 4 6.7814076 6.7814076 6.7814076 6.7814076
"I.48.20.csv"	17	-0.0018856365	1
3 1 6.7814076 7.3350276 1.732095 15.345413 5.0264702 0.99980464 0.78123038 1.0493802 7 1 0 1 0.078455343 0 1 1 378863.91 4 6.7814076 6.7814076 6.7814076 6.7814076
"I.48.20.csv"	19	-0.0018856365	1
3 1 6.7814076 7.3350276 1.732095 15.345413 5.0264702 0.99980464 0.78123038 1.0493802 7 1 0 1 0.078455343 0 1 1 378863.91 4 6.7814076 6.7814076 6.7814076 6.7814076
"I.48.20.csv"	19	-0.0018856365	1
3 1 6.7814076 7.3350276 1.732095 15.345413 5.0264702 0.99980464 0.78123038 1.0493802 7 1 0 1 0.078455343 0 1 1 378863.91 4 6.7814076 6.7814076 6.7814076 6.7814076
"I.48.20.csv"	19	0.00054864514	1
3 1 6.7814076 7.3350276 1.732095 15.345413 5.0264702 0.99980464 0.78123038 1.0493802 7 1 0 1 0.078455343 0 1 1 378863.91 4 6.7814076 6.7814076 6.7814076 6.7814076
"I.48.20.csv"	4	-0.0018852568	1
3 1 6.7814076 7.3350276 1.732095 15.345413 5.0264702 0.99980464 0.78123038 1.0493802 7 1 0 1 0.078455343 0 1 1 378863.91 4 6.7814076 6.7814076 6.7814076 6.7814076
"I.48.20.csv"	21	-0.0018852568	1
3 1 6.7814076 7.3350276 1.732095 15.345413 5.0264702 0.99980464 0.78123038 1.0493802 7 1 0 1 0.078455343 0 1 1 378863.91 4 6.7814076 6.7814076 6.7814076 6.7814076
"I.48.20.csv"	3	-0.0018852568	1
3 1 6.7814076 7.3350276 1.732095 15.345413 5.0264702 0.99980464 0.78123038 1.0493802 7 1 0 1 0.078455343 0 1 1 378863.91 4 6.7814076 6.7814076 6.7814076 6.7814076
"I.48.20.csv"	1	-0.0018852568	1
3 1 6.7814076 7.3350276 1.732095 15.345413 5.0264702 0.99980464 0.78123038 1.0493802 7 1 0 1 0.078455343 0 1 1 378863.91 4 6.7814076 6.7814076 6.7814076 6.7814076
"I.48.20.csv"	12	-0.0018852568	1
3 1 6.7814076 7.3350276 1.732095 15.345413 5.0264702 0.99980464 0.78123038 1.0493802 7 1 0 1 0.078455343 0 1 1 378863.91 4 6.7814076 6.7814076 6.7814076 6.7814076
"I.48.20.csv"	2	-0.0018852568	1
3 1 6.7814076 7.3350276 1.732095 15.345413 5.0264702 0.99980464 0.78123038 1.0493802 7 1 0 1 0.078455343 0 1 1 378863.91 4 6.7814076 6.7814076 6.7814076 6.7814076
"I.48.20.csv"	17	-0.0018852568	1
3 1 6.7814076 7.3350276 1.732095 15.345413 5.0264702 0.99980464 0.78123038 1.0493802 7 1 0 1 0.078455343 0 1 1 378863.91 4 6.7814076 6.7814076 6.7814076 6.7814076
"I.48.20.csv"	17	-0.0018852568	1
3 1 6.7814076 7.3350276 1.732095 15.345413 5.0264702 0.99980464 0.78123038 1.0493802 7 1 0 1 0.078455343 0 1 1 378863.91 4 6.7814076 6.7814076 6.7814076 6.7814076
"I.48.20.csv"	19	-0.0018852568	1
3 1 6.7814076 7.3350276 1.732095 15.345413 5.0264702 0.99980464 0.78123038 1.0493802 7 1 0 1 0.078455343 0 1 1 378863.91 4 6.7814076 6.7814076 6.7814076 6.7814076
"I.48.20.csv"	19	-0.0018852568	1
3 1 6.7814076 7.3350276 1.732095 15.345413 5.0264702 0.99980464 0.78123038 1.0493802 7 1 0 1 0.078455343 0 1 1 378863.91 4 6.7814076 6.7814076 6.7814076 6.7814076
"I.48.20.csv"	19	-0.0018852568	1
3 1 6.7814076 7.3350276 1.732095 15.345413 5.0264702 0.99980464 0.78123038 1.0493802 7 1 0 1 0.078455343 0 1 1 378863.91 4 6.7814076 6.7814076 6.7814076 6.7814076
"I.48.20.csv"	4	-0.0013135018	1
3 1 6.7814076 7.3350276 1.732095 15.345413 5.0264702 0.99980464 0.78123038 1.0493802 7 1 0 1 0.078455343 0 1 1 378863.91 4 6.7814076 6.7814076 6.7814076 6.7814076
"I.48.20.csv"	21	-0.0013135018	1
3 1 6.7814076 7.3350276 1.732095 15.345413 5.0264702 0.99980464 0.78123038 1.0493802 7 1 0 1 0.078455343 0 1 1 378863.91 4 6.7814076 6.7814076 6.7814076 6.7814076
"I.48.20.csv"	3	-0.0013135018	1
3 1 6.7814076 7.3350276 1.732095 15.345413 5.0264702 0.99980464 0.78123038 1.0493802 7 1 0 1 0.078455343 0 1 1 378863.91 4 6.7814076 6.7814076 6.7814076 6.7814076
"I.48.20.csv"	1	-0.0013135018	1
3 1 6.7814076 7.3350276 1.732095 15.345413 5.0264702 0.99980464 0.78123038 1.0493802 7 1 0 1 0.078455343 0 1 1 378863.91 4 6.7814076 6.7814076 6.7814076 6.7814076
"I.48.20.csv"	12	-0.0013135018	1
3 1 6.7814076 7.3350276 1.732095 15.345413 5.0264702 0.99980464 0.78123038 1.0493802 7 1 0 1 0.078455343 0 1 1 378863.91 4 6.7814076 6.7814076 6.7814076 6.7814076
"I.48.20.csv"	2	-0.0013135018	1
3 1 6.7814076 7.3350276 1.732095 15.345413 5.0264702 0.99980464 0.78123038 1.0493802 7 1 0 1 0.078455343 0 1 1 378863.91 4 6.7814076 6.7814076 6.7814076 6.7814076
"I.48.20.csv"	17	-0.0013135018	1
3 1 6.7814076 7.3350276 1.732095 15.345413 5.0264702 0.99980464 0.78123038 1.0493802 7 1 0 1 0.078455343 0 1 1 378863.91 4 6.7814076 6.7814076 6.7814076 6.7814076
"I.48.20.csv"	17	-0.0013135018	1
3 1 6.7814076 7.3350276 1.732095 15.345413 5.0264702 0.99980464 0.78123038 1.0493802 7 1 0 1 0.078455343 0 1 1 378863.91 4 6.7814076 6.7814076 6.7814076 6.7814076
"I.48.20.csv"	19	-0.0013135018	1
3 1 6.7814076 7.3350276 1.732095 15.345413 5.0264702 0.99980464 0.78123038 1.0493802 7 1 0 1 0.078455343 0 1 1 378863.91 4 6.7814076 6.7814076 6.7814076 6.7814076
"I.48.20.csv"	19	-0.0013135018	1
3 1 6.7814076 7.3350276 1.732095 15.345413 5.0264702 0.99980464 0.78123038 1.0493802 7 1 0 1 0.078455343 0 1 1 378863.91 4 6.7814076 6.7814076 6.7814076 6.7814076
"I.48.20.csv"	19	-0.0013135018	1
3 1 6.7814076 7.3350276 1.732095 15.345413 5.0264702 0.99980464 0.78123038 1.0493802 7 1 0 1 0.078455343 0 1 1 378863.91 4 6.7814076 6.7814076 6.7814076 6.7814076
