"bench_t21_three_region.csv"	1	-0.062207285	1
1 1 -0.069444444 0.63406636 -1 1 2.5116704 0.89174013 0.744856 0.020848522 2 0 0 0 0 1 1 0 32.139269 0
"bench_t21_three_region.csv"	12	-0.062207285	1
1 1 -0.069444444 0.63406636 -1 1 2.5116704 0.89174013 0.744856 0.020848522 2 0 0 0 0 1 1 0 32.139269 0
"bench_t21_three_region.csv"	2	0.0012231161	1
1 1 -0.069444444 0.63406636 -1 1 2.5116704 0.89174013 0.744856 0.020848522 2 0 0 0 0 1 1 0 32.139269 0
"bench_t21_three_region.csv"	1	-0.061653413	1
1 1 -0.069444444 0.63406636 -1 1 2.5116704 0.89174013 0.744856 0.020848522 2 0 0 0 0 1 1 0 32.139269 0
"bench_t21_three_region.csv"	3	0.00041023417	1
1 1 -0.069444444 0.63406636 -1 1 2.5116704 0.89174013 0.744856 0.020848522 2 0 0 0 0 1 1 0 32.139269 0
"bench_t21_three_region.csv"	12	-0.061653413	1
1 1 -0.069444444 0.63406636 -1 1 2.5116704 0.89174013 0.744856 0.020848522 2 0 0 0 0 1 1 0 32.139269 0
"bench_t21_three_region.csv"	2	0.0018200314	1
1 1 -0.069444444 0.63406636 -1 1 2.5116704 0.89174013 0.744856 0.020848522 2 0 0 0 0 1 1 0 32.139269 0
"bench_t21_three_region.csv"	4	0.00053693241	1
1 1 -0.069444444 0.63406636 -1 1 2.5116704 0.89174013 0.744856 0.020848522 2 0 0 0 0 1 1 0 32.139269 0
"bench_t21_three_region.csv"	1	-0.062295888	1
1 1 -0.069444444 0.63406636 -1 1 2.5116704 0.89174013 0.744856 0.020848522 2 0 0 0 0 1 1 0 32.139269 0
"bench_t21_three_region.csv"	3	0.0046676167	1
1 1 -0.069444444 0.63406636 -1 1 2.5116704 0.89174013 0.744856 0.020848522 2 0 0 0 0 1 1 0 32.139269 0
"bench_t21_three_region.csv"	21	0.011342108	1
1 1 -0.069444444 0.63406636 -1 1 2.5116704 0.89174013 0.744856 0.020848522 2 0 0 0 0 1 1 0 32.139269 0
"bench_t21_three_region.csv"	12	-0.062295888	1
1 1 -0.069444444 0.63406636 -1 1 2.5116704 0.89174013 0.744856 0.020848522 2 0 0 0 0 1 1 0 32.139269 0
"bench_t21_three_region.csv"	1	0.00080154591	1
1 1 -0.069444444 0.63406636 -1 1 2.5116704 0.89174013 0.744856 0.020848522 2 0 0 0 0 1 1 0 32.139269 0
"bench_t21_three_region.csv"	3	-0.011977915	1
1 1 -0.069444444 0.63406636 -1 1 2.5116704 0.89174013 0.744856 0.020848522 2 0 0 0 0 1 1 0 32.139269 0
"bench_t21_three_region.csv"	21	-0.011977915	1
1 1 -0.069444444 0.63406636 -1 1 2.5116704 0.89174013 0.744856 0.020848522 2 0 0 0 0 1 1 0 32.139269 0
"bench_t21_three_region.csv"	14	0.0016328689	1
1 1 -0.069444444 0.63406636 -1 1 2.5116704 0.89174013 0.744856 0.020848522 2 0 0 0 0 1 1 0 32.139269 0
"bench_t21_three_region.csv"	12	-0.011977915	1
1 1 -0.069444444 0.63406636 -1 1 2.5116704 0.89174013 0.744856 0.020848522 2 0 0 0 0 1 1 0 32.139269 0
"bench_t21_three_region.csv"	2	0.00053245137	1
1 1 -0.069444444 0.63406636 -1 1 2.5116704 0.89174013 0.744856 0.020848522 2 0 0 0 0 1 1 0 32.139269 0
"bench_t21_three_region.csv"	4	0.001017095	1
1 1 -0.069444444 0.63406636 -1 1 2.5116704 0.89174013 0.744856 0.020848522 2 0 0 0 0 1 1 0 32.139269 0
"bench_t21_three_region.csv"	1	0.0012190777	1
1 1 -0.069444444 0.63406636 -1 1 2.5116704 0.89174013 0.744856 0.020848522 2 0 0 0 0 1 1 0 32.139269 0
"bench_t21_three_region.csv"	3	-0.011716223	1
1 1 -0.069444444 0.63406636 -1 1 2.5116704 0.89174013 0.744856 0.020848522 2 0 0 0 0 1 1 0 32.139269 0
"bench_t21_three_region.csv"	21	-0.011716223	1
1 1 -0.069444444 0.63406636 -1 1 2.5116704 0.89174013 0.744856 0.020848522 2 0 0 0 0 1 1 0 32.139269 0
"bench_t21_three_region.csv"	14	0.0018988589	1
1 1 -0.069444444 0.63406636 -1 1 2.5116704 0.89174013 0.744856 0.020848522 2 0 0 0 0 1 1 0 32.139269 0
"bench_t21_three_region.csv"	12	-0.011716223	1
1 1 -0.069444444 0.63406636 -1 1 2.5116704 0.89174013 0.744856 0.020848522 2 0 0 0 0 1 1 0 32.139269 0
"bench_t21_three_region.csv"	2	0.00086743485	1
1 1 -0.069444444 0.63406636 -1 1 2.5116704 0.89174013 0.744856 0.020848522 2 0 0 0 0 1 1 0 32.139269 0
"bench_t21_three_region.csv"	4	0.001298622	1
1 1 -0.069444444 0.63406636 -1 1 2.5116704 0.89174013 0.744856 0.020848522 2 0 0 0 0 1 1 0 32.139269 0
"bench_t21_three_region.csv"	1	0.00067642737	1
1 1 -0.069444444 0.63406636 -1 1 2.5116704 0.89174013 0.744856 0.020848522 2 0 0 0 0 1 1 0 32.139269 0
"bench_t21_three_region.csv"	3	-0.012030284	1
1 1 -0.069444444 0.63406636 -1 1 2.5116704 0.89174013 0.744856 0.020848522 2 0 0 0 0 1 1 0 32.139269 0
"bench_t21_three_region.csv"	21	-0.012030284	1
1 1 -0.069444444 0.63406636 -1 1 2.5116704 0.89174013 0.744856 0.020848522 2 0 0 0 0 1 1 0 32.139269 0
"bench_t21_three_region.csv"	14	0.0015752812	1
1 1 -0.069444444 0.63406636 -1 1 2.5116704 0.89174013 0.744856 0.020848522 2 0 0 0 0 1 1 0 32.139269 0
"bench_t21_three_region.csv"	12	-0.012030284	1
1 1 -0.069444444 0.63406636 -1 1 2.5116704 0.89174013 0.744856 0.020848522 2 0 0 0 0 1 1 0 32.139269 0
"bench_t21_three_region.csv"	2	0.00040552808	1
1 1 -0.069444444 0.63406636 -1 1 2.5116704 0.89174013 0.744856 0.020848522 2 0 0 0 0 1 1 0 32.139269 0
"bench_t21_three_region.csv"	4	0.001076184	1
1 1 -0.069444444 0.63406636 -1 1 2.5116704 0.89174013 0.744856 0.020848522 2 0 0 0 0 1 1 0 32.139269 0
"bench_t21_three_region.csv"	1	0.0012843811	1
1 1 -0.069444444 0.63406636 -1 1 2.5116704 0.89174013 0.744856 0.020848522 2 0 0 0 0 1 1 0 32.139269 0
"bench_t21_three_region.csv"	3	-0.011662248	1
1 1 -0.069444444 0.63406636 -1 1 2.5116704 0.89174013 0.744856 0.020848522 2 0 0 0 0 1 1 0 32.139269 0
"bench_t21_three_region.csv"	21	-0.011662248	1
1 1 -0.069444444 0.63406636 -1 1 2.5116704 0.89174013 0.744856 0.020848522 2 0 0 0 0 1 1 0 32.139269 0
"bench_t21_three_region.csv"	14	0.0018175409	1
1 1 -0.069444444 0.63406636 -1 1 2.5116704 0.89174013 0.744856 0.020848522 2 0 0 0 0 1 1 0 32.139269 0
"bench_t21_three_region.csv"	12	-0.011662248	1
1 1 -0.069444444 0.63406636 -1 1 2.5116704 0.89174013 0.744856 0.020848522 2 0 0 0 0 1 1 0 32.139269 0
"bench_t21_three_region.csv"	2	0.00071321638	1
1 1 -0.069444444 0.63406636 -1 1 2.5116704 0.89174013 0.744856 0.020848522 2 0 0 0 0 1 1 0 32.139269 0
"bench_t21_three_region.csv"	4	0.0013034673	1
1 1 -0.069444444 0.63406636 -1 1 2.5116704 0.89174013 0.744856 0.020848522 2 0 0 0 0 1 1 0 32.139269 0
"bench_t21_three_region.csv"	1	0.0005200172	1
1 1 -0.069444444 0.63406636 -1 1 2.5116704 0.89174013 0.744856 0.020848522 2 0 0 0 0 1 1 0 32.139269 0
"bench_t21_three_region.csv"	3	-0.012251931	1
1 1 -0.069444444 0.63406636 -1 1 2.5116704 0.89174013 0.744856 0.020848522 2 0 0 0 0 1 1 0 32.139269 0
"bench_t21_three_region.csv"	21	-0.012251931	1
1 1 -0.069444444 0.63406636 -1 1 2.5116704 0.89174013 0.744856 0.020848522 2 0 0 0 0 1 1 0 32.139269 0
"bench_t21_three_region.csv"	14	0.0013565266	1
1 1 -0.069444444 0.63406636 -1 1 2.5116704 0.89174013 0.744856 0.020848522 2 0 0 0 0 1 1 0 32.139269 0
"bench_t21_three_region.csv"	12	-0.012251931	1
1 1 -0.069444444 0.63406636 -1 1 2.5116704 0.89174013 0.744856 0.020848522 2 0 0 0 0 1 1 0 32.139269 0
"bench_t21_three_region.csv"	2	0.00028511014	1
1 1 -0.069444444 0.63406636 -1 1 2.5116704 0.89174013 0.744856 0.020848522 2 0 0 0 0 1 1 0 32.139269 0
"bench_t21_three_region.csv"	4	0.00082491027	1
1 1 -0.069444444 0.63406636 -1 1 2.5116704 0.89174013 0.744856 0.020848522 2 0 0 0 0 1 1 0 32.139269 0
"bench_d1_step.csv"	1	-0.025878922	1
1 1 -0.05 0.9975 -1 1 2.0025047 0.77083924 0.49884558 0.011021628 2 0 0 0 0 1 1 0 17.211704 0
"bench_d1_step.csv"	14	-0.025878922	1
1 1 -0.05 0.9975 -1 1 2.0025047 0.77083924 0.49884558 0.011021628 2 0 0 0 0 1 1 0 17.211704 0
"bench_d1_step.csv"	12	-0.025878922	1
1 1 -0.05 0.9975 -1 1 2.0025047 0.77083924 0.49884558 0.011021628 2 0 0 0 0 1 1 0 17.211704 0
"bench_d1_step.csv"	1	-0.019471641	1
1 1 -0.05 0.9975 -1 1 2.0025047 0.77083924 0.49884558 0.011021628 2 0 0 0 0 1 1 0 17.211704 0
"bench_d1_step.csv"	5	0.013573052	1
1 1 -0.05 0.9975 -1 1 2.0025047 0.77083924 0.49884558 0.011021628 2 0 0 0 0 1 1 0 17.211704 0
"bench_d1_step.csv"	3	-0.019471641	1
1 1 -0.05 0.9975 -1 1 2.0025047 0.77083924 0.49884558 0.011021628 2 0 0 0 0 1 1 0 17.211704 0
"bench_d1_step.csv"	21	-0.019471641	1
1 1 -0.05 0.9975 -1 1 2.0025047 0.77083924 0.49884558 0.011021628 2 0 0 0 0 1 1 0 17.211704 0
"bench_d1_step.csv"	14	-0.019471641	1
1 1 -0.05 0.9975 -1 1 2.0025047 0.77083924 0.49884558 0.011021628 2 0 0 0 0 1 1 0 17.211704 0
"bench_d1_step.csv"	4	0.0050356653	1
1 1 -0.05 0.9975 -1 1 2.0025047 0.77083924 0.49884558 0.011021628 2 0 0 0 0 1 1 0 17.211704 0
"bench_d1_step.csv"	12	-0.019471641	1
1 1 -0.05 0.9975 -1 1 2.0025047 0.77083924 0.49884558 0.011021628 2 0 0 0 0 1 1 0 17.211704 0
"bench_d1_step.csv"	1	-0.015674143	1
1 1 -0.05 0.9975 -1 1 2.0025047 0.77083924 0.49884558 0.011021628 2 0 0 0 0 1 1 0 17.211704 0
"bench_d1_step.csv"	5	-0.015674143	1
1 1 -0.05 0.9975 -1 1 2.0025047 0.77083924 0.49884558 0.011021628 2 0 0 0 0 1 1 0 17.211704 0
"bench_d1_step.csv"	3	-0.015674143	1
1 1 -0.05 0.9975 -1 1 2.0025047 0.77083924 0.49884558 0.011021628 2 0 0 0 0 1 1 0 17.211704 0
"bench_d1_step.csv"	4	-0.015674143	1
1 1 -0.05 0.9975 -1 1 2.0025047 0.77083924 0.49884558 0.011021628 2 0 0 0 0 1 1 0 17.211704 0
"bench_d1_step.csv"	2	-0.015674143	1
1 1 -0.05 0.9975 -1 1 2.0025047 0.77083924 0.49884558 0.011021628 2 0 0 0 0 1 1 0 17.211704 0
"bench_d1_step.csv"	1	-0.015472137	1
1 1 -0.05 0.9975 -1 1 2.0025047 0.77083924 0.49884558 0.011021628 2 0 0 0 0 1 1 0 17.211704 0
"bench_d1_step.csv"	5	-0.015472137	1
1 1 -0.05 0.9975 -1 1 2.0025047 0.77083924 0.49884558 0.011021628 2 0 0 0 0 1 1 0 17.211704 0
"bench_d1_step.csv"	3	-0.015472137	1
1 1 -0.05 0.9975 -1 1 2.0025047 0.77083924 0.49884558 0.011021628 2 0 0 0 0 1 1 0 17.211704 0
"bench_d1_step.csv"	4	-0.015472137	1
1 1 -0.05 0.9975 -1 1 2.0025047 0.77083924 0.49884558 0.011021628 2 0 0 0 0 1 1 0 17.211704 0
"bench_d1_step.csv"	2	-0.015472137	1
1 1 -0.05 0.9975 -1 1 2.0025047 0.77083924 0.49884558 0.011021628 2 0 0 0 0 1 1 0 17.211704 0
"bench_d1_step.csv"	1	-0.015438494	1
1 1 -0.05 0.9975 -1 1 2.0025047 0.77083924 0.49884558 0.011021628 2 0 0 0 0 1 1 0 17.211704 0
"bench_d1_step.csv"	5	-0.015438494	1
1 1 -0.05 0.9975 -1 1 2.0025047 0.77083924 0.49884558 0.011021628 2 0 0 0 0 1 1 0 17.211704 0
"bench_d1_step.csv"	3	-0.015438494	1
1 1 -0.05 0.9975 -1 1 2.0025047 0.77083924 0.49884558 0.011021628 2 0 0 0 0 1 1 0 17.211704 0
"bench_d1_step.csv"	4	-0.015438494	1
1 1 -0.05 0.9975 -1 1 2.0025047 0.77083924 0.49884558 0.011021628 2 0 0 0 0 1 1 0 17.211704 0
"bench_d1_step.csv"	2	-0.015438494	1
1 1 -0.05 0.9975 -1 1 2.0025047 0.77083924 0.49884558 0.011021628 2 0 0 0 0 1 1 0 17.211704 0
"bench_d1_step.csv"	1	-0.015248869	1
1 1 -0.05 0.9975 -1 1 2.0025047 0.77083924 0.49884558 0.011021628 2 0 0 0 0 1 1 0 17.211704 0
"bench_d1_step.csv"	5	-0.015248869	1
1 1 -0.05 0.9975 -1 1 2.0025047 0.77083924 0.49884558 0.011021628 2 0 0 0 0 1 1 0 17.211704 0
"bench_d1_step.csv"	3	-0.015248869	1
1 1 -0.05 0.9975 -1 1 2.0025047 0.77083924 0.49884558 0.011021628 2 0 0 0 0 1 1 0 17.211704 0
"bench_d1_step.csv"	4	-0.015248869	1
1 1 -0.05 0.9975 -1 1 2.0025047 0.77083924 0.49884558 0.011021628 2 0 0 0 0 1 1 0 17.211704 0
"bench_d1_step.csv"	2	-0.015248869	1
1 1 -0.05 0.9975 -1 1 2.0025047 0.77083924 0.49884558 0.011021628 2 0 0 0 0 1 1 0 17.211704 0
"bench_d1_step.csv"	1	-0.015208591	1
1 1 -0.05 0.9975 -1 1 2.0025047 0.77083924 0.49884558 0.011021628 2 0 0 0 0 1 1 0 17.211704 0
"bench_d1_step.csv"	5	-0.015208591	1
1 1 -0.05 0.9975 -1 1 2.0025047 0.77083924 0.49884558 0.011021628 2 0 0 0 0 1 1 0 17.211704 0
"bench_d1_step.csv"	3	-0.015208591	1
1 1 -0.05 0.9975 -1 1 2.0025047 0.77083924 0.49884558 0.011021628 2 0 0 0 0 1 1 0 17.211704 0
"bench_d1_step.csv"	4	-0.015208591	1
1 1 -0.05 0.9975 -1 1 2.0025047 0.77083924 0.49884558 0.011021628 2 0 0 0 0 1 1 0 17.211704 0
"bench_d1_step.csv"	2	-0.015208591	1
1 1 -0.05 0.9975 -1 1 2.0025047 0.77083924 0.49884558 0.011021628 2 0 0 0 0 1 1 0 17.211704 0
"bench_d1_step.csv"	1	-0.014137386	1
1 1 -0.05 0.9975 -1 1 2.0025047 0.77083924 0.49884558 0.011021628 2 0 0 0 0 1 1 0 17.211704 0
"bench_d1_step.csv"	5	-0.014137386	1
1 1 -0.05 0.9975 -1 1 2.0025047 0.77083924 0.49884558 0.011021628 2 0 0 0 0 1 1 0 17.211704 0
"bench_d1_step.csv"	3	-0.014137386	1
1 1 -0.05 0.9975 -1 1 2.0025047 0.77083924 0.49884558 0.011021628 2 0 0 0 0 1 1 0 17.211704 0
"bench_d1_step.csv"	4	-0.014137386	1
1 1 -0.05 0.9975 -1 1 2.0025047 0.77083924 0.49884558 0.011021628 2 0 0 0 0 1 1 0 17.211704 0
"bench_d1_step.csv"	2	-0.014137386	1
1 1 -0.05 0.9975 -1 1 2.0025047 0.77083924 0.49884558 0.011021628 2 0 0 0 0 1 1 0 17.211704 0
"bench_d1_step.csv"	1	-0.014000796	1
1 1 -0.05 0.9975 -1 1 2.0025047 0.77083924 0.49884558 0.011021628 2 0 0 0 0 1 1 0 17.211704 0
"bench_d1_step.csv"	5	-0.014000796	1
1 1 -0.05 0.9975 -1 1 2.0025047 0.77083924 0.49884558 0.011021628 2 0 0 0 0 1 1 0 17.211704 0
"bench_d1_step.csv"	3	-0.014000796	1
1 1 -0.05 0.9975 -1 1 2.0025047 0.77083924 0.49884558 0.011021628 2 0 0 0 0 1 1 0 17.211704 0
"bench_d1_step.csv"	4	-0.014000796	1
1 1 -0.05 0.9975 -1 1 2.0025047 0.77083924 0.49884558 0.011021628 2 0 0 0 0 1 1 0 17.211704 0
"bench_d1_step.csv"	2	-0.014000796	1
1 1 -0.05 0.9975 -1 1 2.0025047 0.77083924 0.49884558 0.011021628 2 0 0 0 0 1 1 0 17.211704 0
"bench_d1_step.csv"	1	-0.013937463	1
1 1 -0.05 0.9975 -1 1 2.0025047 0.77083924 0.49884558 0.011021628 2 0 0 0 0 1 1 0 17.211704 0
"bench_d1_step.csv"	5	-0.013937463	1
1 1 -0.05 0.9975 -1 1 2.0025047 0.77083924 0.49884558 0.011021628 2 0 0 0 0 1 1 0 17.211704 0
"bench_d1_step.csv"	3	-0.013937463	1
1 1 -0.05 0.9975 -1 1 2.0025047 0.77083924 0.49884558 0.011021628 2 0 0 0 0 1 1 0 17.211704 0
"bench_d1_step.csv"	4	-0.013937463	1
1 1 -0.05 0.9975 -1 1 2.0025047 0.77083924 0.49884558 0.011021628 2 0 0 0 0 1 1 0 17.211704 0
"bench_d1_step.csv"	2	-0.013937463	1
1 1 -0.05 0.9975 -1 1 2.0025047 0.77083924 0.49884558 0.011021628 2 0 0 0 0 1 1 0 17.211704 0
"bench_d1_step.csv"	1	-0.013807162	1
1 1 -0.05 0.9975 -1 1 2.0025047 0.77083924 0.49884558 0.011021628 2 0 0 0 0 1 1 0 17.211704 0
"bench_d1_step.csv"	5	-0.013807162	1
1 1 -0.05 0.9975 -1 1 2.0025047 0.77083924 0.49884558 0.011021628 2 0 0 0 0 1 1 0 17.211704 0
"bench_d1_step.csv"	3	-0.013807162	1
1 1 -0.05 0.9975 -1 1 2.0025047 0.77083924 0.49884558 0.011021628 2 0 0 0 0 1 1 0 17.211704 0
"bench_d1_step.csv"	4	-0.013807162	1
1 1 -0.05 0.9975 -1 1 2.0025047 0.77083924 0.49884558 0.011021628 2 0 0 0 0 1 1 0 17.211704 0
"bench_d1_step.csv"	2	-0.013807162	1
1 1 -0.05 0.9975 -1 1 2.0025047 0.77083924 0.49884558 0.011021628 2 0 0 0 0 1 1 0 17.211704 0
"bench_d1_step.csv"	1	-0.013741919	1
1 1 -0.05 0.9975 -1 1 2.0025047 0.77083924 0.49884558 0.011021628 2 0 0 0 0 1 1 0 17.211704 0
"bench_d1_step.csv"	5	-0.013741919	1
1 1 -0.05 0.9975 -1 1 2.0025047 0.77083924 0.49884558 0.011021628 2 0 0 0 0 1 1 0 17.211704 0
"bench_d1_step.csv"	3	-0.013741919	1
1 1 -0.05 0.9975 -1 1 2.0025047 0.77083924 0.49884558 0.011021628 2 0 0 0 0 1 1 0 17.211704 0
"bench_d1_step.csv"	4	-0.013741919	1
1 1 -0.05 0.9975 -1 1 2.0025047 0.77083924 0.49884558 0.011021628 2 0 0 0 0 1 1 0 17.211704 0
"bench_d1_step.csv"	2	-0.013741919	1
1 1 -0.05 0.9975 -1 1 2.0025047 0.77083924 0.49884558 0.011021628 2 0 0 0 0 1 1 0 17.211704 0
"bench_d1_step.csv"	1	-0.012824885	1
1 1 -0.05 0.9975 -1 1 2.0025047 0.77083924 0.49884558 0.011021628 2 0 0 0 0 1 1 0 17.211704 0
"bench_d1_step.csv"	5	-0.012824885	1
1 1 -0.05 0.9975 -1 1 2.0025047 0.77083924 0.49884558 0.011021628 2 0 0 0 0 1 1 0 17.211704 0
"bench_d1_step.csv"	3	-0.012824885	1
1 1 -0.05 0.9975 -1 1 2.0025047 0.77083924 0.49884558 0.011021628 2 0 0 0 0 1 1 0 17.211704 0
"bench_d1_step.csv"	4	-0.012824885	1
1 1 -0.05 0.9975 -1 1 2.0025047 0.77083924 0.49884558 0.011021628 2 0 0 0 0 1 1 0 17.211704 0
"bench_d1_step.csv"	2	-0.012824885	1
1 1 -0.05 0.9975 -1 1 2.0025047 0.77083924 0.49884558 0.011021628 2 0 0 0 0 1 1 0 17.211704 0
"bench_d1_step.csv"	1	-0.012722901	1
1 1 -0.05 0.9975 -1 1 2.0025047 0.77083924 0.49884558 0.011021628 2 0 0 0 0 1 1 0 17.211704 0
"bench_d1_step.csv"	5	-0.012722901	1
1 1 -0.05 0.9975 -1 1 2.0025047 0.77083924 0.49884558 0.011021628 2 0 0 0 0 1 1 0 17.211704 0
"bench_d1_step.csv"	3	-0.012722901	1
1 1 -0.05 0.9975 -1 1 2.0025047 0.77083924 0.49884558 0.011021628 2 0 0 0 0 1 1 0 17.211704 0
"bench_d1_step.csv"	4	-0.012722901	1
1 1 -0.05 0.9975 -1 1 2.0025047 0.77083924 0.49884558 0.011021628 2 0 0 0 0 1 1 0 17.211704 0
"bench_d1_step.csv"	2	-0.012722901	1
1 1 -0.05 0.9975 -1 1 2.0025047 0.77083924 0.49884558 0.011021628 2 0 0 0 0 1 1 0 17.211704 0
"bench_d1_step.csv"	1	-0.012652715	1
1 1 -0.05 0.9975 -1 1 2.0025047 0.77083924 0.49884558 0.011021628 2 0 0 0 0 1 1 0 17.211704 0
"bench_d1_step.csv"	5	-0.012652715	1
1 1 -0.05 0.9975 -1 1 2.0025047 0.77083924 0.49884558 0.011021628 2 0 0 0 0 1 1 0 17.211704 0
"bench_d1_step.csv"	3	-0.012652715	1
1 1 -0.05 0.9975 -1 1 2.0025047 0.77083924 0.49884558 0.011021628 2 0 0 0 0 1 1 0 17.211704 0
"bench_d1_step.csv"	4	-0.012652715	1
1 1 -0.05 0.9975 -1 1 2.0025047 0.77083924 0.49884558 0.011021628 2 0 0 0 0 1 1 0 17.211704 0
"bench_d1_step.csv"	2	-0.012652715	1
1 1 -0.05 0.9975 -1 1 2.0025047 0.77083924 0.49884558 0.011021628 2 0 0 0 0 1 1 0 17.211704 0
"bench_d1_step.csv"	1	-0.012554267	1
1 1 -0.05 0.9975 -1 1 2.0025047 0.77083924 0.49884558 0.011021628 2 0 0 0 0 1 1 0 17.211704 0
"bench_d1_step.csv"	5	-0.012554267	1
1 1 -0.05 0.9975 -1 1 2.0025047 0.77083924 0.49884558 0.011021628 2 0 0 0 0 1 1 0 17.211704 0
"bench_d1_step.csv"	3	-0.012554267	1
1 1 -0.05 0.9975 -1 1 2.0025047 0.77083924 0.49884558 0.011021628 2 0 0 0 0 1 1 0 17.211704 0
"bench_d1_step.csv"	4	-0.012554267	1
1 1 -0.05 0.9975 -1 1 2.0025047 0.77083924 0.49884558 0.011021628 2 0 0 0 0 1 1 0 17.211704 0
"bench_d1_step.csv"	2	-0.012554267	1
1 1 -0.05 0.9975 -1 1 2.0025047 0.77083924 0.49884558 0.011021628 2 0 0 0 0 1 1 0 17.211704 0
"bench_d1_step.csv"	1	-0.012484022	1
1 1 -0.05 0.9975 -1 1 2.0025047 0.77083924 0.49884558 0.011021628 2 0 0 0 0 1 1 0 17.211704 0
"bench_d1_step.csv"	5	-0.012484022	1
1 1 -0.05 0.9975 -1 1 2.0025047 0.77083924 0.49884558 0.011021628 2 0 0 0 0 1 1 0 17.211704 0
"bench_d1_step.csv"	3	-0.012484022	1
1 1 -0.05 0.9975 -1 1 2.0025047 0.77083924 0.49884558 0.011021628 2 0 0 0 0 1 1 0 17.211704 0
"bench_d1_step.csv"	4	-0.012484022	1
1 1 -0.05 0.9975 -1 1 2.0025047 0.77083924 0.49884558 0.011021628 2 0 0 0 0 1 1 0 17.211704 0
"bench_d1_step.csv"	2	-0.012484022	1
1 1 -0.05 0.9975 -1 1 2.0025047 0.77083924 0.49884558 0.011021628 2 0 0 0 0 1 1 0 17.211704 0
"bench_d9_noise.csv"	2	0.00017442038	1
2 1 0.68990125 0.20420647 -0.0808 1.9333 4.4570374 0.80322918 0.010842011 1.065002 3 1 0 0 0.061459108 0 1 1 8498 4 0.69034286 0.73798438 0.66367021 0.68291739
"bench_d9_noise.csv"	9	0.011194744	1
2 1 0.68990125 0.20420647 -0.0808 1.9333 4.4570374 0.80322918 0.010842011 1.065002 3 1 0 0 0.061459108 0 1 1 8498 4 0.69034286 0.73798438 0.66367021 0.68291739
"bench_d9_noise.csv"	3	-0.087276676	1
2 1 0.68990125 0.20420647 -0.0808 1.9333 4.4570374 0.80322918 0.010842011 1.065002 3 1 0 0 0.061459108 0 1 1 8498 4 0.69034286 0.73798438 0.66367021 0.68291739
"bench_d9_noise.csv"	2	-0.087276676	1
2 1 0.68990125 0.20420647 -0.0808 1.9333 4.4570374 0.80322918 0.010842011 1.065002 3 1 0 0 0.061459108 0 1 1 8498 4 0.69034286 0.73798438 0.66367021 0.68291739
"bench_d9_noise.csv"	1	0.0056352923	1
2 1 0.68990125 0.20420647 -0.0808 1.9333 4.4570374 0.80322918 0.010842011 1.065002 3 1 0 0 0.061459108 0 1 1 8498 4 0.69034286 0.73798438 0.66367021 0.68291739
"bench_d9_noise.csv"	9	0.009306085	1
2 1 0.68990125 0.20420647 -0.0808 1.9333 4.4570374 0.80322918 0.010842011 1.065002 3 1 0 0 0.061459108 0 1 1 8498 4 0.69034286 0.73798438 0.66367021 0.68291739
"bench_d9_noise.csv"	4	0.0099658709	1
2 1 0.68990125 0.20420647 -0.0808 1.9333 4.4570374 0.80322918 0.010842011 1.065002 3 1 0 0 0.061459108 0 1 1 8498 4 0.69034286 0.73798438 0.66367021 0.68291739
"bench_d9_noise.csv"	3	-0.083238314	1
2 1 0.68990125 0.20420647 -0.0808 1.9333 4.4570374 0.80322918 0.010842011 1.065002 3 1 0 0 0.061459108 0 1 1 8498 4 0.69034286 0.73798438 0.66367021 0.68291739
"bench_d9_noise.csv"	2	-0.083238314	1
2 1 0.68990125 0.20420647 -0.0808 1.9333 4.4570374 0.80322918 0.010842011 1.065002 3 1 0 0 0.061459108 0 1 1 8498 4 0.69034286 0.73798438 0.66367021 0.68291739
"bench_d9_noise.csv"	1	0.0062976278	1
2 1 0.68990125 0.20420647 -0.0808 1.9333 4.4570374 0.80322918 0.010842011 1.065002 3 1 0 0 0.061459108 0 1 1 8498 4 0.69034286 0.73798438 0.66367021 0.68291739
"bench_d9_noise.csv"	9	0.0037940338	1
2 1 0.68990125 0.20420647 -0.0808 1.9333 4.4570374 0.80322918 0.010842011 1.065002 3 1 0 0 0.061459108 0 1 1 8498 4 0.69034286 0.73798438 0.66367021 0.68291739
"bench_d9_noise.csv"	4	0.00012647451	1
2 1 0.68990125 0.20420647 -0.0808 1.9333 4.4570374 0.80322918 0.010842011 1.065002 3 1 0 0 0.061459108 0 1 1 8498 4 0.69034286 0.73798438 0.66367021 0.68291739
"bench_d9_noise.csv"	21	-0.082372517	1
2 1 0.68990125 0.20420647 -0.0808 1.9333 4.4570374 0.80322918 0.010842011 1.065002 3 1 0 0 0.061459108 0 1 1 8498 4 0.69034286 0.73798438 0.66367021 0.68291739
"bench_d9_noise.csv"	3	-0.082372517	1
2 1 0.68990125 0.20420647 -0.0808 1.9333 4.4570374 0.80322918 0.010842011 1.065002 3 1 0 0 0.061459108 0 1 1 8498 4 0.69034286 0.73798438 0.66367021 0.68291739
"bench_d9_noise.csv"	2	0.0023134908	1
2 1 0.68990125 0.20420647 -0.0808 1.9333 4.4570374 0.80322918 0.010842011 1.065002 3 1 0 0 0.061459108 0 1 1 8498 4 0.69034286 0.73798438 0.66367021 0.68291739
"bench_d9_noise.csv"	12	-0.082372517	1
2 1 0.68990125 0.20420647 -0.0808 1.9333 4.4570374 0.80322918 0.010842011 1.065002 3 1 0 0 0.061459108 0 1 1 8498 4 0.69034286 0.73798438 0.66367021 0.68291739
"bench_d9_noise.csv"	14	0.010692818	1
2 1 0.68990125 0.20420647 -0.0808 1.9333 4.4570374 0.80322918 0.010842011 1.065002 3 1 0 0 0.061459108 0 1 1 8498 4 0.69034286 0.73798438 0.66367021 0.68291739
"bench_d9_noise.csv"	1	0.002557267	1
2 1 0.68990125 0.20420647 -0.0808 1.9333 4.4570374 0.80322918 0.010842011 1.065002 3 1 0 0 0.061459108 0 1 1 8498 4 0.69034286 0.73798438 0.66367021 0.68291739
"bench_d9_noise.csv"	9	0.011397416	1
2 1 0.68990125 0.20420647 -0.0808 1.9333 4.4570374 0.80322918 0.010842011 1.065002 3 1 0 0 0.061459108 0 1 1 8498 4 0.69034286 0.73798438 0.66367021 0.68291739
"bench_d9_noise.csv"	4	0.0049920568	1
2 1 0.68990125 0.20420647 -0.0808 1.9333 4.4570374 0.80322918 0.010842011 1.065002 3 1 0 0 0.061459108 0 1 1 8498 4 0.69034286 0.73798438 0.66367021 0.68291739
"bench_d9_noise.csv"	3	-0.082456332	1
2 1 0.68990125 0.20420647 -0.0808 1.9333 4.4570374 0.80322918 0.010842011 1.065002 3 1 0 0 0.061459108 0 1 1 8498 4 0.69034286 0.73798438 0.66367021 0.68291739
"bench_d9_noise.csv"	2	-0.082456332	1
2 1 0.68990125 0.20420647 -0.0808 1.9333 4.4570374 0.80322918 0.010842011 1.065002 3 1 0 0 0.061459108 0 1 1 8498 4 0.69034286 0.73798438 0.66367021 0.68291739
"bench_d9_noise.csv"	1	0.0031911552	1
2 1 0.68990125 0.20420647 -0.0808 1.9333 4.4570374 0.80322918 0.010842011 1.065002 3 1 0 0 0.061459108 0 1 1 8498 4 0.69034286 0.73798438 0.66367021 0.68291739
"bench_d9_noise.csv"	9	0.011397416	1
2 1 0.68990125 0.20420647 -0.0808 1.9333 4.4570374 0.80322918 0.010842011 1.065002 3 1 0 0 0.061459108 0 1 1 8498 4 0.69034286 0.73798438 0.66367021 0.68291739
"bench_d9_noise.csv"	4	0.0064192992	1
2 1 0.68990125 0.20420647 -0.0808 1.9333 4.4570374 0.80322918 0.010842011 1.065002 3 1 0 0 0.061459108 0 1 1 8498 4 0.69034286 0.73798438 0.66367021 0.68291739
"bench_d9_noise.csv"	21	0.022708234	1
2 1 0.68990125 0.20420647 -0.0808 1.9333 4.4570374 0.80322918 0.010842011 1.065002 3 1 0 0 0.061459108 0 1 1 8498 4 0.69034286 0.73798438 0.66367021 0.68291739
"bench_d9_noise.csv"	3	-0.082456332	1
2 1 0.68990125 0.20420647 -0.0808 1.9333 4.4570374 0.80322918 0.010842011 1.065002 3 1 0 0 0.061459108 0 1 1 8498 4 0.69034286 0.73798438 0.66367021 0.68291739
"bench_d9_noise.csv"	2	0.0030041132	1
2 1 0.68990125 0.20420647 -0.0808 1.9333 4.4570374 0.80322918 0.010842011 1.065002 3 1 0 0 0.061459108 0 1 1 8498 4 0.69034286 0.73798438 0.66367021 0.68291739
"bench_d9_noise.csv"	12	-0.082456332	1
2 1 0.68990125 0.20420647 -0.0808 1.9333 4.4570374 0.80322918 0.010842011 1.065002 3 1 0 0 0.061459108 0 1 1 8498 4 0.69034286 0.73798438 0.66367021 0.68291739
"bench_d9_noise.csv"	14	-0.082456332	1
2 1 0.68990125 0.20420647 -0.0808 1.9333 4.4570374 0.80322918 0.010842011 1.065002 3 1 0 0 0.061459108 0 1 1 8498 4 0.69034286 0.73798438 0.66367021 0.68291739
"bench_d9_noise.csv"	1	0.011528777	1
2 1 0.68990125 0.20420647 -0.0808 1.9333 4.4570374 0.80322918 0.010842011 1.065002 3 1 0 0 0.061459108 0 1 1 8498 4 0.69034286 0.73798438 0.66367021 0.68291739
"bench_d9_noise.csv"	9	0.011397416	1
2 1 0.68990125 0.20420647 -0.0808 1.9333 4.4570374 0.80322918 0.010842011 1.065002 3 1 0 0 0.061459108 0 1 1 8498 4 0.69034286 0.73798438 0.66367021 0.68291739
"bench_d9_noise.csv"	4	0.0059849809	1
2 1 0.68990125 0.20420647 -0.0808 1.9333 4.4570374 0.80322918 0.010842011 1.065002 3 1 0 0 0.061459108 0 1 1 8498 4 0.69034286 0.73798438 0.66367021 0.68291739
"bench_d9_noise.csv"	9	0.010820329	1
2 1 0.68990125 0.20420647 -0.0808 1.9333 4.4570374 0.80322918 0.010842011 1.065002 3 1 0 0 0.061459108 0 1 1 8498 4 0.69034286 0.73798438 0.66367021 0.68291739
"bench_d9_noise.csv"	4	0.0045420581	1
2 1 0.68990125 0.20420647 -0.0808 1.9333 4.4570374 0.80322918 0.010842011 1.065002 3 1 0 0 0.061459108 0 1 1 8498 4 0.69034286 0.73798438 0.66367021 0.68291739
"bench_d9_noise.csv"	21	0.023669933	1
2 1 0.68990125 0.20420647 -0.0808 1.9333 4.4570374 0.80322918 0.010842011 1.065002 3 1 0 0 0.061459108 0 1 1 8498 4 0.69034286 0.73798438 0.66367021 0.68291739
"bench_d9_noise.csv"	3	-0.082955616	1
2 1 0.68990125 0.20420647 -0.0808 1.9333 4.4570374 0.80322918 0.010842011 1.065002 3 1 0 0 0.061459108 0 1 1 8498 4 0.69034286 0.73798438 0.66367021 0.68291739
"bench_d9_noise.csv"	2	0.0031336925	1
2 1 0.68990125 0.20420647 -0.0808 1.9333 4.4570374 0.80322918 0.010842011 1.065002 3 1 0 0 0.061459108 0 1 1 8498 4 0.69034286 0.73798438 0.66367021 0.68291739
"bench_d9_noise.csv"	12	-0.082955616	1
2 1 0.68990125 0.20420647 -0.0808 1.9333 4.4570374 0.80322918 0.010842011 1.065002 3 1 0 0 0.061459108 0 1 1 8498 4 0.69034286 0.73798438 0.66367021 0.68291739
"bench_d9_noise.csv"	14	-0.082955616	1
2 1 0.68990125 0.20420647 -0.0808 1.9333 4.4570374 0.80322918 0.010842011 1.065002 3 1 0 0 0.061459108 0 1 1 8498 4 0.69034286 0.73798438 0.66367021 0.68291739
"bench_d9_noise.csv"	1	0.010328685	1
2 1 0.68990125 0.20420647 -0.0808 1.9333 4.4570374 0.80322918 0.010842011 1.065002 3 1 0 0 0.061459108 0 1 1 8498 4 0.69034286 0.73798438 0.66367021 0.68291739
"bench_d9_noise.csv"	9	0.010820329	1
2 1 0.68990125 0.20420647 -0.0808 1.9333 4.4570374 0.80322918 0.010842011 1.065002 3 1 0 0 0.061459108 0 1 1 8498 4 0.69034286 0.73798438 0.66367021 0.68291739
"bench_d9_noise.csv"	4	0.0053881738	1
2 1 0.68990125 0.20420647 -0.0808 1.9333 4.4570374 0.80322918 0.010842011 1.065002 3 1 0 0 0.061459108 0 1 1 8498 4 0.69034286 0.73798438 0.66367021 0.68291739
"bench_d9_noise.csv"	3	-0.082955616	1
2 1 0.68990125 0.20420647 -0.0808 1.9333 4.4570374 0.80322918 0.010842011 1.065002 3 1 0 0 0.061459108 0 1 1 8498 4 0.69034286 0.73798438 0.66367021 0.68291739
"bench_d9_noise.csv"	2	0.017013861	1
2 1 0.68990125 0.20420647 -0.0808 1.9333 4.4570374 0.80322918 0.010842011 1.065002 3 1 0 0 0.061459108 0 1 1 8498 4 0.69034286 0.73798438 0.66367021 0.68291739
"bench_d9_noise.csv"	1	0.0058328308	1
2 1 0.68990125 0.20420647 -0.0808 1.9333 4.4570374 0.80322918 0.010842011 1.065002 3 1 0 0 0.061459108 0 1 1 8498 4 0.69034286 0.73798438 0.66367021 0.68291739
"bench_d9_noise.csv"	9	0.010820329	1
2 1 0.68990125 0.20420647 -0.0808 1.9333 4.4570374 0.80322918 0.010842011 1.065002 3 1 0 0 0.061459108 0 1 1 8498 4 0.69034286 0.73798438 0.66367021 0.68291739
"bench_d9_noise.csv"	4	0.0055785096	1
2 1 0.68990125 0.20420647 -0.0808 1.9333 4.4570374 0.80322918 0.010842011 1.065002 3 1 0 0 0.061459108 0 1 1 8498 4 0.69034286 0.73798438 0.66367021 0.68291739
"bench_d9_noise.csv"	9	0.0026958221	1
2 1 0.68990125 0.20420647 -0.0808 1.9333 4.4570374 0.80322918 0.010842011 1.065002 3 1 0 0 0.061459108 0 1 1 8498 4 0.69034286 0.73798438 0.66367021 0.68291739
"bench_d9_noise.csv"	21	-0.08302453	1
2 1 0.68990125 0.20420647 -0.0808 1.9333 4.4570374 0.80322918 0.010842011 1.065002 3 1 0 0 0.061459108 0 1 1 8498 4 0.69034286 0.73798438 0.66367021 0.68291739
"bench_d9_noise.csv"	3	-0.08302453	1
2 1 0.68990125 0.20420647 -0.0808 1.9333 4.4570374 0.80322918 0.010842011 1.065002 3 1 0 0 0.061459108 0 1 1 8498 4 0.69034286 0.73798438 0.66367021 0.68291739
"bench_d9_noise.csv"	2	0.0023181151	1
2 1 0.68990125 0.20420647 -0.0808 1.9333 4.4570374 0.80322918 0.010842011 1.065002 3 1 0 0 0.061459108 0 1 1 8498 4 0.69034286 0.73798438 0.66367021 0.68291739
"bench_d9_noise.csv"	12	-0.08302453	1
2 1 0.68990125 0.20420647 -0.0808 1.9333 4.4570374 0.80322918 0.010842011 1.065002 3 1 0 0 0.061459108 0 1 1 8498 4 0.69034286 0.73798438 0.66367021 0.68291739
"bench_d9_noise.csv"	14	0.015622842	1
2 1 0.68990125 0.20420647 -0.0808 1.9333 4.4570374 0.80322918 0.010842011 1.065002 3 1 0 0 0.061459108 0 1 1 8498 4 0.69034286 0.73798438 0.66367021 0.68291739
"bench_d9_noise.csv"	1	0.0077414285	1
2 1 0.68990125 0.20420647 -0.0808 1.9333 4.4570374 0.80322918 0.010842011 1.065002 3 1 0 0 0.061459108 0 1 1 8498 4 0.69034286 0.73798438 0.66367021 0.68291739
"bench_d9_noise.csv"	21	-0.080963696	1
2 1 0.68990125 0.20420647 -0.0808 1.9333 4.4570374 0.80322918 0.010842011 1.065002 3 1 0 0 0.061459108 0 1 1 8498 4 0.69034286 0.73798438 0.66367021 0.68291739
"bench_d9_noise.csv"	3	-0.080963696	1
2 1 0.68990125 0.20420647 -0.0808 1.9333 4.4570374 0.80322918 0.010842011 1.065002 3 1 0 0 0.061459108 0 1 1 8498 4 0.69034286 0.73798438 0.66367021 0.68291739
"bench_d9_noise.csv"	14	0.018290315	1
2 1 0.68990125 0.20420647 -0.0808 1.9333 4.4570374 0.80322918 0.010842011 1.065002 3 1 0 0 0.061459108 0 1 1 8498 4 0.69034286 0.73798438 0.66367021 0.68291739
"bench_d9_noise.csv"	1	0.0075410509	1
2 1 0.68990125 0.20420647 -0.0808 1.9333 4.4570374 0.80322918 0.010842011 1.065002 3 1 0 0 0.061459108 0 1 1 8498 4 0.69034286 0.73798438 0.66367021 0.68291739
"bench_d9_noise.csv"	12	-0.080963696	1
2 1 0.68990125 0.20420647 -0.0808 1.9333 4.4570374 0.80322918 0.010842011 1.065002 3 1 0 0 0.061459108 0 1 1 8498 4 0.69034286 0.73798438 0.66367021 0.68291739
"bench_d9_noise.csv"	2	0.0010314796	1
2 1 0.68990125 0.20420647 -0.0808 1.9333 4.4570374 0.80322918 0.010842011 1.065002 3 1 0 0 0.061459108 0 1 1 8498 4 0.69034286 0.73798438 0.66367021 0.68291739
"bench_d9_noise.csv"	4	0.00058550953	1
2 1 0.68990125 0.20420647 -0.0808 1.9333 4.4570374 0.80322918 0.010842011 1.065002 3 1 0 0 0.061459108 0 1 1 8498 4 0.69034286 0.73798438 0.66367021 0.68291739
"bench_d9_noise.csv"	3	0.00038243805	1
2 1 0.68990125 0.20420647 -0.0808 1.9333 4.4570374 0.80322918 0.010842011 1.065002 3 1 0 0 0.061459108 0 1 1 8498 4 0.69034286 0.73798438 0.66367021 0.68291739
"bench_d9_noise.csv"	2	0.00050376167	1
2 1 0.68990125 0.20420647 -0.0808 1.9333 4.4570374 0.80322918 0.010842011 1.065002 3 1 0 0 0.061459108 0 1 1 8498 4 0.69034286 0.73798438 0.66367021 0.68291739
"bench_d9_noise.csv"	3	0.00056632461	1
2 1 0.68990125 0.20420647 -0.0808 1.9333 4.4570374 0.80322918 0.010842011 1.065002 3 1 0 0 0.061459108 0 1 1 8498 4 0.69034286 0.73798438 0.66367021 0.68291739
"bench_d9_noise.csv"	4	0.00051656661	1
2 1 0.68990125 0.20420647 -0.0808 1.9333 4.4570374 0.80322918 0.010842011 1.065002 3 1 0 0 0.061459108 0 1 1 8498 4 0.69034286 0.73798438 0.66367021 0.68291739
"bench_d9_noise.csv"	3	0.0039271771	1
2 1 0.68990125 0.20420647 -0.0808 1.9333 4.4570374 0.80322918 0.010842011 1.065002 3 1 0 0 0.061459108 0 1 1 8498 4 0.69034286 0.73798438 0.66367021 0.68291739
"bench_d9_noise.csv"	2	0.00032894596	1
2 1 0.68990125 0.20420647 -0.0808 1.9333 4.4570374 0.80322918 0.010842011 1.065002 3 1 0 0 0.061459108 0 1 1 8498 4 0.69034286 0.73798438 0.66367021 0.68291739
"bench_d9_noise.csv"	9	0.0013160403	1
2 1 0.68990125 0.20420647 -0.0808 1.9333 4.4570374 0.80322918 0.010842011 1.065002 3 1 0 0 0.061459108 0 1 1 8498 4 0.69034286 0.73798438 0.66367021 0.68291739
"bench_d9_noise.csv"	21	0.0014250282	1
2 1 0.68990125 0.20420647 -0.0808 1.9333 4.4570374 0.80322918 0.010842011 1.065002 3 1 0 0 0.061459108 0 1 1 8498 4 0.69034286 0.73798438 0.66367021 0.68291739
"bench_d9_noise.csv"	3	-0.053005392	1
2 1 0.68990125 0.20420647 -0.0808 1.9333 4.4570374 0.80322918 0.010842011 1.065002 3 1 0 0 0.061459108 0 1 1 8498 4 0.69034286 0.73798438 0.66367021 0.68291739
"bench_d9_noise.csv"	2	0.0020978297	1
2 1 0.68990125 0.20420647 -0.0808 1.9333 4.4570374 0.80322918 0.010842011 1.065002 3 1 0 0 0.061459108 0 1 1 8498 4 0.69034286 0.73798438 0.66367021 0.68291739
"bench_d9_noise.csv"	12	-0.053005392	1
2 1 0.68990125 0.20420647 -0.0808 1.9333 4.4570374 0.80322918 0.010842011 1.065002 3 1 0 0 0.061459108 0 1 1 8498 4 0.69034286 0.73798438 0.66367021 0.68291739
"bench_d9_noise.csv"	4	0.0014087494	1
2 1 0.68990125 0.20420647 -0.0808 1.9333 4.4570374 0.80322918 0.010842011 1.065002 3 1 0 0 0.061459108 0 1 1 8498 4 0.69034286 0.73798438 0.66367021 0.68291739
"bench_d9_noise.csv"	3	0.00050120982	1
2 1 0.68990125 0.20420647 -0.0808 1.9333 4.4570374 0.80322918 0.010842011 1.065002 3 1 0 0 0.061459108 0 1 1 8498 4 0.69034286 0.73798438 0.66367021 0.68291739
"bench_d9_noise.csv"	2	0.00055739798	1
2 1 0.68990125 0.20420647 -0.0808 1.9333 4.4570374 0.80322918 0.010842011 1.065002 3 1 0 0 0.061459108 0 1 1 8498 4 0.69034286 0.73798438 0.66367021 0.68291739
"bench_d9_noise.csv"	4	0.0010620347	1
2 1 0.68990125 0.20420647 -0.0808 1.9333 4.4570374 0.80322918 0.010842011 1.065002 3 1 0 0 0.061459108 0 1 1 8498 4 0.69034286 0.73798438 0.66367021 0.68291739
"bench_d9_noise.csv"	3	0.0039496535	1
2 1 0.68990125 0.20420647 -0.0808 1.9333 4.4570374 0.80322918 0.010842011 1.065002 3 1 0 0 0.061459108 0 1 1 8498 4 0.69034286 0.73798438 0.66367021 0.68291739
"bench_d9_noise.csv"	2	0.0044762655	1
2 1 0.68990125 0.20420647 -0.0808 1.9333 4.4570374 0.80322918 0.010842011 1.065002 3 1 0 0 0.061459108 0 1 1 8498 4 0.69034286 0.73798438 0.66367021 0.68291739
"bench_d9_noise.csv"	3	0.00014204731	1
2 1 0.68990125 0.20420647 -0.0808 1.9333 4.4570374 0.80322918 0.010842011 1.065002 3 1 0 0 0.061459108 0 1 1 8498 4 0.69034286 0.73798438 0.66367021 0.68291739
"bench_d9_noise.csv"	2	7.0095899e-05	1
2 1 0.68990125 0.20420647 -0.0808 1.9333 4.4570374 0.80322918 0.010842011 1.065002 3 1 0 0 0.061459108 0 1 1 8498 4 0.69034286 0.73798438 0.66367021 0.68291739
"bench_d9_noise.csv"	1	0.00026595758	1
2 1 0.68990125 0.20420647 -0.0808 1.9333 4.4570374 0.80322918 0.010842011 1.065002 3 1 0 0 0.061459108 0 1 1 8498 4 0.69034286 0.73798438 0.66367021 0.68291739
"bench_d9_noise.csv"	3	0.001225212	1
2 1 0.68990125 0.20420647 -0.0808 1.9333 4.4570374 0.80322918 0.010842011 1.065002 3 1 0 0 0.061459108 0 1 1 8498 4 0.69034286 0.73798438 0.66367021 0.68291739
"bench_d9_noise.csv"	2	0.00038994542	1
2 1 0.68990125 0.20420647 -0.0808 1.9333 4.4570374 0.80322918 0.010842011 1.065002 3 1 0 0 0.061459108 0 1 1 8498 4 0.69034286 0.73798438 0.66367021 0.68291739
"bench_d9_noise.csv"	4	0.00070383096	1
2 1 0.68990125 0.20420647 -0.0808 1.9333 4.4570374 0.80322918 0.010842011 1.065002 3 1 0 0 0.061459108 0 1 1 8498 4 0.69034286 0.73798438 0.66367021 0.68291739
"bench_d9_noise.csv"	9	0.016506929	1
2 1 0.68990125 0.20420647 -0.0808 1.9333 4.4570374 0.80322918 0.010842011 1.065002 3 1 0 0 0.061459108 0 1 1 8498 4 0.69034286 0.73798438 0.66367021 0.68291739
"bench_d9_noise.csv"	4	-0.054936501	1
2 1 0.68990125 0.20420647 -0.0808 1.9333 4.4570374 0.80322918 0.010842011 1.065002 3 1 0 0 0.061459108 0 1 1 8498 4 0.69034286 0.73798438 0.66367021 0.68291739
"bench_d9_noise.csv"	2	-0.054936501	1
2 1 0.68990125 0.20420647 -0.0808 1.9333 4.4570374 0.80322918 0.010842011 1.065002 3 1 0 0 0.061459108 0 1 1 8498 4 0.69034286 0.73798438 0.66367021 0.68291739
"bench_d9_noise.csv"	9	0.0039677689	1
2 1 0.68990125 0.20420647 -0.0808 1.9333 4.4570374 0.80322918 0.010842011 1.065002 3 1 0 0 0.061459108 0 1 1 8498 4 0.69034286 0.73798438 0.66367021 0.68291739
"bench_d9_noise.csv"	3	0.0021561347	1
2 1 0.68990125 0.20420647 -0.0808 1.9333 4.4570374 0.80322918 0.010842011 1.065002 3 1 0 0 0.061459108 0 1 1 8498 4 0.69034286 0.73798438 0.66367021 0.68291739
"bench_d9_noise.csv"	21	-0.053321766	1
2 1 0.68990125 0.20420647 -0.0808 1.9333 4.4570374 0.80322918 0.010842011 1.065002 3 1 0 0 0.061459108 0 1 1 8498 4 0.69034286 0.73798438 0.66367021 0.68291739
"bench_d9_noise.csv"	2	0.0022319467	1
2 1 0.68990125 0.20420647 -0.0808 1.9333 4.4570374 0.80322918 0.010842011 1.065002 3 1 0 0 0.061459108 0 1 1 8498 4 0.69034286 0.73798438 0.66367021 0.68291739
"bench_d9_noise.csv"	12	-0.053321766	1
2 1 0.68990125 0.20420647 -0.0808 1.9333 4.4570374 0.80322918 0.010842011 1.065002 3 1 0 0 0.061459108 0 1 1 8498 4 0.69034286 0.73798438 0.66367021 0.68291739
"bench_d9_noise.csv"	14	0.002978259	1
2 1 0.68990125 0.20420647 -0.0808 1.9333 4.4570374 0.80322918 0.010842011 1.065002 3 1 0 0 0.061459108 0 1 1 8498 4 0.69034286 0.73798438 0.66367021 0.68291739
"bench_d9_noise.csv"	4	0.0022311895	1
2 1 0.68990125 0.20420647 -0.0808 1.9333 4.4570374 0.80322918 0.010842011 1.065002 3 1 0 0 0.061459108 0 1 1 8498 4 0.69034286 0.73798438 0.66367021 0.68291739
"bench_d9_noise.csv"	9	0.0035163677	1
2 1 0.68990125 0.20420647 -0.0808 1.9333 4.4570374 0.80322918 0.010842011 1.065002 3 1 0 0 0.061459108 0 1 1 8498 4 0.69034286 0.73798438 0.66367021 0.68291739
"bench_d9_noise.csv"	3	0.002011797	1
2 1 0.68990125 0.20420647 -0.0808 1.9333 4.4570374 0.80322918 0.010842011 1.065002 3 1 0 0 0.061459108 0 1 1 8498 4 0.69034286 0.73798438 0.66367021 0.68291739
"bench_d9_noise.csv"	21	-0.053907105	1
2 1 0.68990125 0.20420647 -0.0808 1.9333 4.4570374 0.80322918 0.010842011 1.065002 3 1 0 0 0.061459108 0 1 1 8498 4 0.69034286 0.73798438 0.66367021 0.68291739
"bench_d9_noise.csv"	2	0.0012767151	1
2 1 0.68990125 0.20420647 -0.0808 1.9333 4.4570374 0.80322918 0.010842011 1.065002 3 1 0 0 0.061459108 0 1 1 8498 4 0.69034286 0.73798438 0.66367021 0.68291739
"bench_d9_noise.csv"	12	-0.053907105	1
2 1 0.68990125 0.20420647 -0.0808 1.9333 4.4570374 0.80322918 0.010842011 1.065002 3 1 0 0 0.061459108 0 1 1 8498 4 0.69034286 0.73798438 0.66367021 0.68291739
"bench_d9_noise.csv"	14	0.0041708577	1
2 1 0.68990125 0.20420647 -0.0808 1.9333 4.4570374 0.80322918 0.010842011 1.065002 3 1 0 0 0.061459108 0 1 1 8498 4 0.69034286 0.73798438 0.66367021 0.68291739
"bench_d9_noise.csv"	4	0.0021062536	1
2 1 0.68990125 0.20420647 -0.0808 1.9333 4.4570374 0.80322918 0.010842011 1.065002 3 1 0 0 0.061459108 0 1 1 8498 4 0.69034286 0.73798438 0.66367021 0.68291739
"bench_d9_noise.csv"	9	-0.053449447	1
2 1 0.68990125 0.20420647 -0.0808 1.9333 4.4570374 0.80322918 0.010842011 1.065002 3 1 0 0 0.061459108 0 1 1 8498 4 0.69034286 0.73798438 0.66367021 0.68291739
"bench_d9_noise.csv"	21	-0.053449447	1
2 1 0.68990125 0.20420647 -0.0808 1.9333 4.4570374 0.80322918 0.010842011 1.065002 3 1 0 0 0.061459108 0 1 1 8498 4 0.69034286 0.73798438 0.66367021 0.68291739
"bench_d9_noise.csv"	14	-0.053449447	1
2 1 0.68990125 0.20420647 -0.0808 1.9333 4.4570374 0.80322918 0.010842011 1.065002 3 1 0 0 0.061459108 0 1 1 8498 4 0.69034286 0.73798438 0.66367021 0.68291739
"bench_d9_noise.csv"	1	-0.053449447	1
2 1 0.68990125 0.20420647 -0.0808 1.9333 4.4570374 0.80322918 0.010842011 1.065002 3 1 0 0 0.061459108 0 1 1 8498 4 0.69034286 0.73798438 0.66367021 0.68291739
"bench_d9_noise.csv"	4	0.0032276053	1
2 1 0.68990125 0.20420647 -0.0808 1.9333 4.4570374 0.80322918 0.010842011 1.065002 3 1 0 0 0.061459108 0 1 1 8498 4 0.69034286 0.73798438 0.66367021 0.68291739
"bench_d9_noise.csv"	12	-0.053449447	1
2 1 0.68990125 0.20420647 -0.0808 1.9333 4.4570374 0.80322918 0.010842011 1.065002 3 1 0 0 0.061459108 0 1 1 8498 4 0.69034286 0.73798438 0.66367021 0.68291739
"bench_d9_noise.csv"	2	-0.053449447	1
2 1 0.68990125 0.20420647 -0.0808 1.9333 4.4570374 0.80322918 0.010842011 1.065002 3 1 0 0 0.061459108 0 1 1 8498 4 0.69034286 0.73798438 0.66367021 0.68291739
"bench_d9_noise.csv"	21	-0.054143916	1
2 1 0.68990125 0.20420647 -0.0808 1.9333 4.4570374 0.80322918 0.010842011 1.065002 3 1 0 0 0.061459108 0 1 1 8498 4 0.69034286 0.73798438 0.66367021 0.68291739
"bench_d9_noise.csv"	12	-0.054143916	1
2 1 0.68990125 0.20420647 -0.0808 1.9333 4.4570374 0.80322918 0.010842011 1.065002 3 1 0 0 0.061459108 0 1 1 8498 4 0.69034286 0.73798438 0.66367021 0.68291739
"bench_d9_noise.csv"	4	0.00043650087	1
2 1 0.68990125 0.20420647 -0.0808 1.9333 4.4570374 0.80322918 0.010842011 1.065002 3 1 0 0 0.061459108 0 1 1 8498 4 0.69034286 0.73798438 0.66367021 0.68291739
"bench_d9_noise.csv"	2	0.00019712524	1
2 1 0.68990125 0.20420647 -0.0808 1.9333 4.4570374 0.80322918 0.010842011 1.065002 3 1 0 0 0.061459108 0 1 1 8498 4 0.69034286 0.73798438 0.66367021 0.68291739
"bench_d9_noise.csv"	1	5.2975452e-05	1
2 1 0.68990125 0.20420647 -0.0808 1.9333 4.4570374 0.80322918 0.010842011 1.065002 3 1 0 0 0.061459108 0 1 1 8498 4 0.69034286 0.73798438 0.66367021 0.68291739
"bench_d9_noise.csv"	4	0.00030017104	1
2 1 0.68990125 0.20420647 -0.0808 1.9333 4.4570374 0.80322918 0.010842011 1.065002 3 1 0 0 0.061459108 0 1 1 8498 4 0.69034286 0.73798438 0.66367021 0.68291739
"bench_d9_noise.csv"	3	0.0056871286	1
2 1 0.68990125 0.20420647 -0.0808 1.9333 4.4570374 0.80322918 0.010842011 1.065002 3 1 0 0 0.061459108 0 1 1 8498 4 0.69034286 0.73798438 0.66367021 0.68291739
"bench_d9_noise.csv"	2	0.00043710667	1
2 1 0.68990125 0.20420647 -0.0808 1.9333 4.4570374 0.80322918 0.010842011 1.065002 3 1 0 0 0.061459108 0 1 1 8498 4 0.69034286 0.73798438 0.66367021 0.68291739
"bench_d9_noise.csv"	1	0.0024230653	1
2 1 0.68990125 0.20420647 -0.0808 1.9333 4.4570374 0.80322918 0.010842011 1.065002 3 1 0 0 0.061459108 0 1 1 8498 4 0.69034286 0.73798438 0.66367021 0.68291739
