"bench_d3_two_sines.csv"	11	0.0063971148
1 1 -0.016240104 0.28703882 -0.9945 0.9975 3.7180824 0.050123654 0.059007946 0.018409106 2 0 0 0 0 1 0 0 6.837766 0
"bench_d3_two_sines.csv"	2	0.00056945225
1 1 -0.016240104 0.28703882 -0.9945 0.9975 3.7180824 0.050123654 0.059007946 0.018409106 2 0 0 0 0 1 0 0 6.837766 0
"bench_d3_two_sines.csv"	12	0.0062734747
1 1 -0.016240104 0.28703882 -0.9945 0.9975 3.7180824 0.050123654 0.059007946 0.018409106 2 0 0 0 0 1 0 0 6.837766 0
"bench_d3_two_sines.csv"	1	-0.24275785
1 1 -0.016240104 0.28703882 -0.9945 0.9975 3.7180824 0.050123654 0.059007946 0.018409106 2 0 0 0 0 1 0 0 6.837766 0
"bench_d3_two_sines.csv"	4	0.0037102153
1 1 -0.016240104 0.28703882 -0.9945 0.9975 3.7180824 0.050123654 0.059007946 0.018409106 2 0 0 0 0 1 0 0 6.837766 0
"bench_d3_two_sines.csv"	3	0.00075516128
1 1 -0.016240104 0.28703882 -0.9945 0.9975 3.7180824 0.050123654 0.059007946 0.018409106 2 0 0 0 0 1 0 0 6.837766 0
"bench_d3_two_sines.csv"	21	-0.24543901
1 1 -0.016240104 0.28703882 -0.9945 0.9975 3.7180824 0.050123654 0.059007946 0.018409106 2 0 0 0 0 1 0 0 6.837766 0
"bench_d3_two_sines.csv"	12	-0.24543901
1 1 -0.016240104 0.28703882 -0.9945 0.9975 3.7180824 0.050123654 0.059007946 0.018409106 2 0 0 0 0 1 0 0 6.837766 0
"bench_d3_two_sines.csv"	1	-0.24543901
1 1 -0.016240104 0.28703882 -0.9945 0.9975 3.7180824 0.050123654 0.059007946 0.018409106 2 0 0 0 0 1 0 0 6.837766 0
"bench_d3_two_sines.csv"	3	0.0029557953
1 1 -0.016240104 0.28703882 -0.9945 0.9975 3.7180824 0.050123654 0.059007946 0.018409106 2 0 0 0 0 1 0 0 6.837766 0
"bench_d3_two_sines.csv"	11	0.038059327
1 1 -0.016240104 0.28703882 -0.9945 0.9975 3.7180824 0.050123654 0.059007946 0.018409106 2 0 0 0 0 1 0 0 6.837766 0
"bench_d3_two_sines.csv"	2	0.037912217
1 1 -0.016240104 0.28703882 -0.9945 0.9975 3.7180824 0.050123654 0.059007946 0.018409106 2 0 0 0 0 1 0 0 6.837766 0
"bench_d3_two_sines.csv"	1	-0.20726318
1 1 -0.016240104 0.28703882 -0.9945 0.9975 3.7180824 0.050123654 0.059007946 0.018409106 2 0 0 0 0 1 0 0 6.837766 0
"bench_d3_two_sines.csv"	4	-0.20726318
1 1 -0.016240104 0.28703882 -0.9945 0.9975 3.7180824 0.050123654 0.059007946 0.018409106 2 0 0 0 0 1 0 0 6.837766 0
"bench_d3_two_sines.csv"	3	-0.20726318
1 1 -0.016240104 0.28703882 -0.9945 0.9975 3.7180824 0.050123654 0.059007946 0.018409106 2 0 0 0 0 1 0 0 6.837766 0
"bench_d3_two_sines.csv"	2	0.034361246
1 1 -0.016240104 0.28703882 -0.9945 0.9975 3.7180824 0.050123654 0.059007946 0.018409106 2 0 0 0 0 1 0 0 6.837766 0
"bench_d3_two_sines.csv"	1	-0.21024923
1 1 -0.016240104 0.28703882 -0.9945 0.9975 3.7180824 0.050123654 0.059007946 0.018409106 2 0 0 0 0 1 0 0 6.837766 0
"bench_d3_two_sines.csv"	4	0.0030319155
1 1 -0.016240104 0.28703882 -0.9945 0.9975 3.7180824 0.050123654 0.059007946 0.018409106 2 0 0 0 0 1 0 0 6.837766 0
"bench_d3_two_sines.csv"	3	0.015143434
1 1 -0.016240104 0.28703882 -0.9945 0.9975 3.7180824 0.050123654 0.059007946 0.018409106 2 0 0 0 0 1 0 0 6.837766 0
"bench_d3_two_sines.csv"	11	0.042275508
1 1 -0.016240104 0.28703882 -0.9945 0.9975 3.7180824 0.050123654 0.059007946 0.018409106 2 0 0 0 0 1 0 0 6.837766 0
"bench_d3_two_sines.csv"	21	-0.20395085
1 1 -0.016240104 0.28703882 -0.9945 0.9975 3.7180824 0.050123654 0.059007946 0.018409106 2 0 0 0 0 1 0 0 6.837766 0
"bench_d3_two_sines.csv"	2	0.0031475968
1 1 -0.016240104 0.28703882 -0.9945 0.9975 3.7180824 0.050123654 0.059007946 0.018409106 2 0 0 0 0 1 0 0 6.837766 0
"bench_d3_two_sines.csv"	12	-0.20395085
1 1 -0.016240104 0.28703882 -0.9945 0.9975 3.7180824 0.050123654 0.059007946 0.018409106 2 0 0 0 0 1 0 0 6.837766 0
"bench_d3_two_sines.csv"	14	0.0084265238
1 1 -0.016240104 0.28703882 -0.9945 0.9975 3.7180824 0.050123654 0.059007946 0.018409106 2 0 0 0 0 1 0 0 6.837766 0
"bench_d3_two_sines.csv"	1	-0.20395085
1 1 -0.016240104 0.28703882 -0.9945 0.9975 3.7180824 0.050123654 0.059007946 0.018409106 2 0 0 0 0 1 0 0 6.837766 0
"bench_d3_two_sines.csv"	4	0.0020573484
1 1 -0.016240104 0.28703882 -0.9945 0.9975 3.7180824 0.050123654 0.059007946 0.018409106 2 0 0 0 0 1 0 0 6.837766 0
"bench_d3_two_sines.csv"	3	-0.20395085
1 1 -0.016240104 0.28703882 -0.9945 0.9975 3.7180824 0.050123654 0.059007946 0.018409106 2 0 0 0 0 1 0 0 6.837766 0
"bench_d3_two_sines.csv"	1	-0.20935662
1 1 -0.016240104 0.28703882 -0.9945 0.9975 3.7180824 0.050123654 0.059007946 0.018409106 2 0 0 0 0 1 0 0 6.837766 0
"bench_d3_two_sines.csv"	4	-0.20935662
1 1 -0.016240104 0.28703882 -0.9945 0.9975 3.7180824 0.050123654 0.059007946 0.018409106 2 0 0 0 0 1 0 0 6.837766 0
"bench_d3_two_sines.csv"	3	-0.20935662
1 1 -0.016240104 0.28703882 -0.9945 0.9975 3.7180824 0.050123654 0.059007946 0.018409106 2 0 0 0 0 1 0 0 6.837766 0
"bench_d3_two_sines.csv"	2	0.012893134
1 1 -0.016240104 0.28703882 -0.9945 0.9975 3.7180824 0.050123654 0.059007946 0.018409106 2 0 0 0 0 1 0 0 6.837766 0
"bench_d3_two_sines.csv"	1	-0.21241127
1 1 -0.016240104 0.28703882 -0.9945 0.9975 3.7180824 0.050123654 0.059007946 0.018409106 2 0 0 0 0 1 0 0 6.837766 0
"bench_d3_two_sines.csv"	4	-0.21241127
1 1 -0.016240104 0.28703882 -0.9945 0.9975 3.7180824 0.050123654 0.059007946 0.018409106 2 0 0 0 0 1 0 0 6.837766 0
"bench_d3_two_sines.csv"	3	-0.21241127
1 1 -0.016240104 0.28703882 -0.9945 0.9975 3.7180824 0.050123654 0.059007946 0.018409106 2 0 0 0 0 1 0 0 6.837766 0
"bench_d3_two_sines.csv"	21	-0.19925725
1 1 -0.016240104 0.28703882 -0.9945 0.9975 3.7180824 0.050123654 0.059007946 0.018409106 2 0 0 0 0 1 0 0 6.837766 0
"bench_d3_two_sines.csv"	12	-0.19925725
1 1 -0.016240104 0.28703882 -0.9945 0.9975 3.7180824 0.050123654 0.059007946 0.018409106 2 0 0 0 0 1 0 0 6.837766 0
"bench_d3_two_sines.csv"	1	0.0062729247
1 1 -0.016240104 0.28703882 -0.9945 0.9975 3.7180824 0.050123654 0.059007946 0.018409106 2 0 0 0 0 1 0 0 6.837766 0
"bench_d3_two_sines.csv"	3	-0.19925725
1 1 -0.016240104 0.28703882 -0.9945 0.9975 3.7180824 0.050123654 0.059007946 0.018409106 2 0 0 0 0 1 0 0 6.837766 0
"bench_d3_two_sines.csv"	11	0.003515526
1 1 -0.016240104 0.28703882 -0.9945 0.9975 3.7180824 0.050123654 0.059007946 0.018409106 2 0 0 0 0 1 0 0 6.837766 0
"bench_d3_two_sines.csv"	2	-0.12625515
1 1 -0.016240104 0.28703882 -0.9945 0.9975 3.7180824 0.050123654 0.059007946 0.018409106 2 0 0 0 0 1 0 0 6.837766 0
"bench_d3_two_sines.csv"	3	-0.12625515
1 1 -0.016240104 0.28703882 -0.9945 0.9975 3.7180824 0.050123654 0.059007946 0.018409106 2 0 0 0 0 1 0 0 6.837766 0
"bench_d3_two_sines.csv"	4	-0.12625515
1 1 -0.016240104 0.28703882 -0.9945 0.9975 3.7180824 0.050123654 0.059007946 0.018409106 2 0 0 0 0 1 0 0 6.837766 0
"bench_d3_two_sines.csv"	1	-0.12625515
1 1 -0.016240104 0.28703882 -0.9945 0.9975 3.7180824 0.050123654 0.059007946 0.018409106 2 0 0 0 0 1 0 0 6.837766 0
"bench_d3_two_sines.csv"	11	0.0040361918
1 1 -0.016240104 0.28703882 -0.9945 0.9975 3.7180824 0.050123654 0.059007946 0.018409106 2 0 0 0 0 1 0 0 6.837766 0
"bench_d3_two_sines.csv"	11	-0.12513115
1 1 -0.016240104 0.28703882 -0.9945 0.9975 3.7180824 0.050123654 0.059007946 0.018409106 2 0 0 0 0 1 0 0 6.837766 0
"bench_d3_two_sines.csv"	3	-0.12513115
1 1 -0.016240104 0.28703882 -0.9945 0.9975 3.7180824 0.050123654 0.059007946 0.018409106 2 0 0 0 0 1 0 0 6.837766 0
"bench_d3_two_sines.csv"	4	-0.12513115
1 1 -0.016240104 0.28703882 -0.9945 0.9975 3.7180824 0.050123654 0.059007946 0.018409106 2 0 0 0 0 1 0 0 6.837766 0
"bench_d3_two_sines.csv"	3	-0.12499616
1 1 -0.016240104 0.28703882 -0.9945 0.9975 3.7180824 0.050123654 0.059007946 0.018409106 2 0 0 0 0 1 0 0 6.837766 0
"bench_d3_two_sines.csv"	4	0.00040785998
1 1 -0.016240104 0.28703882 -0.9945 0.9975 3.7180824 0.050123654 0.059007946 0.018409106 2 0 0 0 0 1 0 0 6.837766 0
"bench_d3_two_sines.csv"	1	0.002661273
1 1 -0.016240104 0.28703882 -0.9945 0.9975 3.7180824 0.050123654 0.059007946 0.018409106 2 0 0 0 0 1 0 0 6.837766 0
"bench_d7_multiout.csv"	12	-0.081309184
1 1 -0.014156875 0.34220909 -0.9989 0.9986 3.4146093 1 1 0 0 0 0 0 0 1 0 0 1 0
"bench_d7_multiout.csv"	21	0.0026624311
1 1 -0.014156875 0.34220909 -0.9989 0.9986 3.4146093 1 1 0 0 0 0 0 0 1 0 0 1 0
"bench_d7_multiout.csv"	1	-0.081309184
1 1 -0.014156875 0.34220909 -0.9989 0.9986 3.4146093 1 1 0 0 0 0 0 0 1 0 0 1 0
"bench_d7_multiout.csv"	3	-0.080830394
1 1 -0.013864375 0.27874218 -0.8409 0.8407 3.1850874 0.99780023 0.90157662 0.0059597746 2 0 0 0 0 1 0 0 1.0714286 0
"bench_d7_multiout.csv"	12	-0.080830394
1 1 -0.013864375 0.27874218 -0.8409 0.8407 3.1850874 0.99780023 0.90157662 0.0059597746 2 0 0 0 0 1 0 0 1.0714286 0
"bench_d7_multiout.csv"	21	5.1547724e-05
1 1 -0.013864375 0.27874218 -0.8409 0.8407 3.1850874 0.99780023 0.90157662 0.0059597746 2 0 0 0 0 1 0 0 1.0714286 0
"bench_d7_multiout.csv"	1	-0.080830394
1 1 -0.013864375 0.27874218 -0.8409 0.8407 3.1850874 0.99780023 0.90157662 0.0059597746 2 0 0 0 0 1 0 0 1.0714286 0
"bench_d7_multiout.csv"	4	4.8832631e-06
1 1 -0.013864375 0.27874218 -0.8409 0.8407 3.1850874 0.99780023 0.90157662 0.0059597746 2 0 0 0 0 1 0 0 1.0714286 0
"bench_d7_multiout.csv"	2	7.3422345e-06
1 1 -0.013864375 0.27874218 -0.8409 0.8407 3.1850874 0.99780023 0.90157662 0.0059597746 2 0 0 0 0 1 0 0 1.0714286 0
"bench_d7_multiout.csv"	3	1.024722e-05
1 1 -0.014156875 0.34220909 -0.9989 0.9986 3.4146093 1 1 0 0 0 0 0 0 1 0 0 1 0
"bench_d7_multiout.csv"	1	-0.081176028
1 1 -0.014156875 0.34220909 -0.9989 0.9986 3.4146093 1 1 0 0 0 0 0 0 1 0 0 1 0
"bench_d7_multiout.csv"	2	-0.081176028
1 1 -0.014156875 0.34220909 -0.9989 0.9986 3.4146093 1 1 0 0 0 0 0 0 1 0 0 1 0
"bench_d7_multiout.csv"	3	3.1404394e-05
1 1 -0.014156875 0.34220909 -0.9989 0.9986 3.4146093 1 1 0 0 0 0 0 0 1 0 0 1 0
"bench_d7_multiout.csv"	12	-0.080745451
1 1 -0.014156875 0.34220909 -0.9989 0.9986 3.4146093 1 1 0 0 0 0 0 0 1 0 0 1 0
"bench_d7_multiout.csv"	21	0.00025272492
1 1 -0.014156875 0.34220909 -0.9989 0.9986 3.4146093 1 1 0 0 0 0 0 0 1 0 0 1 0
"bench_d7_multiout.csv"	1	0.0042127051
1 1 -0.014156875 0.34220909 -0.9989 0.9986 3.4146093 1 1 0 0 0 0 0 0 1 0 0 1 0
"bench_d7_multiout.csv"	4	6.4195602e-05
1 1 -0.014156875 0.34220909 -0.9989 0.9986 3.4146093 1 1 0 0 0 0 0 0 1 0 0 1 0
"bench_d7_multiout.csv"	2	0.00011107864
1 1 -0.014156875 0.34220909 -0.9989 0.9986 3.4146093 1 1 0 0 0 0 0 0 1 0 0 1 0
"bench_d7_multiout.csv"	3	0.0024581835
1 1 -0.014156875 0.34220909 -0.9989 0.9986 3.4146093 1 1 0 0 0 0 0 0 1 0 0 1 0
"bench_d7_multiout.csv"	1	0.00041778795
1 1 -0.014156875 0.34220909 -0.9989 0.9986 3.4146093 1 1 0 0 0 0 0 0 1 0 0 1 0
"bench_d7_multiout.csv"	3	-0.0808699
1 1 -0.013864375 0.27874218 -0.8409 0.8407 3.1850874 0.99780023 0.90157662 0.0059597746 2 0 0 0 0 1 0 0 1.0714286 0
"bench_d7_multiout.csv"	12	-0.0808699
1 1 -0.013864375 0.27874218 -0.8409 0.8407 3.1850874 0.99780023 0.90157662 0.0059597746 2 0 0 0 0 1 0 0 1.0714286 0
"bench_d7_multiout.csv"	21	-0.0808699
1 1 -0.013864375 0.27874218 -0.8409 0.8407 3.1850874 0.99780023 0.90157662 0.0059597746 2 0 0 0 0 1 0 0 1.0714286 0
"bench_d7_multiout.csv"	1	-0.0808699
1 1 -0.013864375 0.27874218 -0.8409 0.8407 3.1850874 0.99780023 0.90157662 0.0059597746 2 0 0 0 0 1 0 0 1.0714286 0
"bench_d7_multiout.csv"	2	5.1301461e-05
1 1 -0.013864375 0.27874218 -0.8409 0.8407 3.1850874 0.99780023 0.90157662 0.0059597746 2 0 0 0 0 1 0 0 1.0714286 0
"bench_d7_multiout.csv"	3	-0.08076406
1 1 -0.013864375 0.27874218 -0.8409 0.8407 3.1850874 0.99780023 0.90157662 0.0059597746 2 0 0 0 0 1 0 0 1.0714286 0
"bench_d7_multiout.csv"	4	0.0039635626
1 1 -0.013864375 0.27874218 -0.8409 0.8407 3.1850874 0.99780023 0.90157662 0.0059597746 2 0 0 0 0 1 0 0 1.0714286 0
"bench_d7_multiout.csv"	2	0.00015445186
1 1 -0.013864375 0.27874218 -0.8409 0.8407 3.1850874 0.99780023 0.90157662 0.0059597746 2 0 0 0 0 1 0 0 1.0714286 0
"bench_d7_multiout.csv"	3	-0.080773629
1 1 -0.013864375 0.27874218 -0.8409 0.8407 3.1850874 0.99780023 0.90157662 0.0059597746 2 0 0 0 0 1 0 0 1.0714286 0
"bench_d7_multiout.csv"	4	0.0029572347
1 1 -0.013864375 0.27874218 -0.8409 0.8407 3.1850874 0.99780023 0.90157662 0.0059597746 2 0 0 0 0 1 0 0 1.0714286 0
"bench_d7_multiout.csv"	2	0.00013810986
1 1 -0.013864375 0.27874218 -0.8409 0.8407 3.1850874 0.99780023 0.90157662 0.0059597746 2 0 0 0 0 1 0 0 1.0714286 0
"bench_d7_multiout.csv"	3	0.0019414893
1 1 -0.014156875 0.34220909 -0.9989 0.9986 3.4146093 1 1 0 0 0 0 0 0 1 0 0 1 0
"bench_d7_multiout.csv"	4	0.00019318127
1 1 -0.014156875 0.34220909 -0.9989 0.9986 3.4146093 1 1 0 0 0 0 0 0 1 0 0 1 0
"bench_d7_multiout.csv"	2	0.00018838201
1 1 -0.014156875 0.34220909 -0.9989 0.9986 3.4146093 1 1 0 0 0 0 0 0 1 0 0 1 0
"bench_d7_multiout.csv"	3	0.0016101428
1 1 -0.014156875 0.34220909 -0.9989 0.9986 3.4146093 1 1 0 0 0 0 0 0 1 0 0 1 0
"bench_d7_multiout.csv"	4	0.00014136796
1 1 -0.014156875 0.34220909 -0.9989 0.9986 3.4146093 1 1 0 0 0 0 0 0 1 0 0 1 0
"bench_d7_multiout.csv"	2	0.00011808666
1 1 -0.014156875 0.34220909 -0.9989 0.9986 3.4146093 1 1 0 0 0 0 0 0 1 0 0 1 0
"bench_d7_multiout.csv"	1	-0.080495506
1 1 -0.014156875 0.34220909 -0.9989 0.9986 3.4146093 1 1 0 0 0 0 0 0 1 0 0 1 0
"bench_t21_three_region.csv"	1	-0.056921319
1 1 -0.090277778 0.60990548 -1 1 2.560936 0.88482661 0.72766943 0.031415412 2 0 0 0 0 1 1 0 45.334863 0
"bench_t21_three_region.csv"	12	-0.056921319
1 1 -0.090277778 0.60990548 -1 1 2.560936 0.88482661 0.72766943 0.031415412 2 0 0 0 0 1 1 0 45.334863 0
"bench_t21_three_region.csv"	3	0.00018215232
1 1 -0.090277778 0.60990548 -1 1 2.560936 0.88482661 0.72766943 0.031415412 2 0 0 0 0 1 1 0 45.334863 0
"bench_t21_three_region.csv"	1	-0.056349231
1 1 -0.090277778 0.60990548 -1 1 2.560936 0.88482661 0.72766943 0.031415412 2 0 0 0 0 1 1 0 45.334863 0
"bench_t21_three_region.csv"	12	-0.056349231
1 1 -0.090277778 0.60990548 -1 1 2.560936 0.88482661 0.72766943 0.031415412 2 0 0 0 0 1 1 0 45.334863 0
"bench_t21_three_region.csv"	2	0.00040317224
1 1 -0.090277778 0.60990548 -1 1 2.560936 0.88482661 0.72766943 0.031415412 2 0 0 0 0 1 1 0 45.334863 0
"bench_t21_three_region.csv"	4	0.00035160966
1 1 -0.090277778 0.60990548 -1 1 2.560936 0.88482661 0.72766943 0.031415412 2 0 0 0 0 1 1 0 45.334863 0
"bench_t21_three_region.csv"	1	-0.057122329
1 1 -0.090277778 0.60990548 -1 1 2.560936 0.88482661 0.72766943 0.031415412 2 0 0 0 0 1 1 0 45.334863 0
"bench_t21_three_region.csv"	12	-0.057122329
1 1 -0.090277778 0.60990548 -1 1 2.560936 0.88482661 0.72766943 0.031415412 2 0 0 0 0 1 1 0 45.334863 0
"bench_t21_three_region.csv"	2	6.3831145e-05
1 1 -0.090277778 0.60990548 -1 1 2.560936 0.88482661 0.72766943 0.031415412 2 0 0 0 0 1 1 0 45.334863 0
"bench_t21_three_region.csv"	1	-0.051001925
1 1 -0.090277778 0.60990548 -1 1 2.560936 0.88482661 0.72766943 0.031415412 2 0 0 0 0 1 1 0 45.334863 0
"bench_t21_three_region.csv"	2	-0.051001925
1 1 -0.090277778 0.60990548 -1 1 2.560936 0.88482661 0.72766943 0.031415412 2 0 0 0 0 1 1 0 45.334863 0
"bench_t21_three_region.csv"	3	-0.047070626
1 1 -0.090277778 0.60990548 -1 1 2.560936 0.88482661 0.72766943 0.031415412 2 0 0 0 0 1 1 0 45.334863 0
"bench_t21_three_region.csv"	1	-0.047070626
1 1 -0.090277778 0.60990548 -1 1 2.560936 0.88482661 0.72766943 0.031415412 2 0 0 0 0 1 1 0 45.334863 0
"bench_t21_three_region.csv"	2	-0.047070626
1 1 -0.090277778 0.60990548 -1 1 2.560936 0.88482661 0.72766943 0.031415412 2 0 0 0 0 1 1 0 45.334863 0
"bench_t21_three_region.csv"	4	-0.047070626
1 1 -0.090277778 0.60990548 -1 1 2.560936 0.88482661 0.72766943 0.031415412 2 0 0 0 0 1 1 0 45.334863 0
"bench_t21_three_region.csv"	3	-0.047059311
1 1 -0.090277778 0.60990548 -1 1 2.560936 0.88482661 0.72766943 0.031415412 2 0 0 0 0 1 1 0 45.334863 0
"bench_t21_three_region.csv"	1	-0.047059311
1 1 -0.090277778 0.60990548 -1 1 2.560936 0.88482661 0.72766943 0.031415412 2 0 0 0 0 1 1 0 45.334863 0
"bench_t21_three_region.csv"	2	-0.047059311
1 1 -0.090277778 0.60990548 -1 1 2.560936 0.88482661 0.72766943 0.031415412 2 0 0 0 0 1 1 0 45.334863 0
"bench_t21_three_region.csv"	4	-0.047059311
1 1 -0.090277778 0.60990548 -1 1 2.560936 0.88482661 0.72766943 0.031415412 2 0 0 0 0 1 1 0 45.334863 0
"bench_t21_three_region.csv"	3	-0.047145204
1 1 -0.090277778 0.60990548 -1 1 2.560936 0.88482661 0.72766943 0.031415412 2 0 0 0 0 1 1 0 45.334863 0
"bench_t21_three_region.csv"	1	-0.047145204
1 1 -0.090277778 0.60990548 -1 1 2.560936 0.88482661 0.72766943 0.031415412 2 0 0 0 0 1 1 0 45.334863 0
"bench_t21_three_region.csv"	2	-0.047145204
1 1 -0.090277778 0.60990548 -1 1 2.560936 0.88482661 0.72766943 0.031415412 2 0 0 0 0 1 1 0 45.334863 0
"bench_t21_three_region.csv"	4	-0.047145204
1 1 -0.090277778 0.60990548 -1 1 2.560936 0.88482661 0.72766943 0.031415412 2 0 0 0 0 1 1 0 45.334863 0
"bench_t21_three_region.csv"	3	-0.047132885
1 1 -0.090277778 0.60990548 -1 1 2.560936 0.88482661 0.72766943 0.031415412 2 0 0 0 0 1 1 0 45.334863 0
"bench_t21_three_region.csv"	1	-0.047132885
1 1 -0.090277778 0.60990548 -1 1 2.560936 0.88482661 0.72766943 0.031415412 2 0 0 0 0 1 1 0 45.334863 0
"bench_t21_three_region.csv"	2	-0.047132885
1 1 -0.090277778 0.60990548 -1 1 2.560936 0.88482661 0.72766943 0.031415412 2 0 0 0 0 1 1 0 45.334863 0
"bench_t21_three_region.csv"	4	-0.047132885
1 1 -0.090277778 0.60990548 -1 1 2.560936 0.88482661 0.72766943 0.031415412 2 0 0 0 0 1 1 0 45.334863 0
"bench_t21_three_region.csv"	3	-0.047212565
1 1 -0.090277778 0.60990548 -1 1 2.560936 0.88482661 0.72766943 0.031415412 2 0 0 0 0 1 1 0 45.334863 0
"bench_t21_three_region.csv"	1	-0.047212565
1 1 -0.090277778 0.60990548 -1 1 2.560936 0.88482661 0.72766943 0.031415412 2 0 0 0 0 1 1 0 45.334863 0
"bench_t21_three_region.csv"	2	-0.047212565
1 1 -0.090277778 0.60990548 -1 1 2.560936 0.88482661 0.72766943 0.031415412 2 0 0 0 0 1 1 0 45.334863 0
"bench_t21_three_region.csv"	4	-0.047212565
1 1 -0.090277778 0.60990548 -1 1 2.560936 0.88482661 0.72766943 0.031415412 2 0 0 0 0 1 1 0 45.334863 0
"bench_t21_three_region.csv"	3	-0.047218357
1 1 -0.090277778 0.60990548 -1 1 2.560936 0.88482661 0.72766943 0.031415412 2 0 0 0 0 1 1 0 45.334863 0
"bench_t21_three_region.csv"	14	-0.047218357
1 1 -0.090277778 0.60990548 -1 1 2.560936 0.88482661 0.72766943 0.031415412 2 0 0 0 0 1 1 0 45.334863 0
"bench_t21_three_region.csv"	12	-0.047218357
1 1 -0.090277778 0.60990548 -1 1 2.560936 0.88482661 0.72766943 0.031415412 2 0 0 0 0 1 1 0 45.334863 0
"bench_t21_three_region.csv"	3	-0.047046231
1 1 -0.090277778 0.60990548 -1 1 2.560936 0.88482661 0.72766943 0.031415412 2 0 0 0 0 1 1 0 45.334863 0
"bench_t21_three_region.csv"	1	0.0065626139
1 1 -0.090277778 0.60990548 -1 1 2.560936 0.88482661 0.72766943 0.031415412 2 0 0 0 0 1 1 0 45.334863 0
"bench_t21_three_region.csv"	21	0.00053770891
1 1 -0.090277778 0.60990548 -1 1 2.560936 0.88482661 0.72766943 0.031415412 2 0 0 0 0 1 1 0 45.334863 0
"bench_t21_three_region.csv"	14	-0.047046231
1 1 -0.090277778 0.60990548 -1 1 2.560936 0.88482661 0.72766943 0.031415412 2 0 0 0 0 1 1 0 45.334863 0
"bench_t21_three_region.csv"	12	-0.047046231
1 1 -0.090277778 0.60990548 -1 1 2.560936 0.88482661 0.72766943 0.031415412 2 0 0 0 0 1 1 0 45.334863 0
"bench_t21_three_region.csv"	2	0.00076409625
1 1 -0.090277778 0.60990548 -1 1 2.560936 0.88482661 0.72766943 0.031415412 2 0 0 0 0 1 1 0 45.334863 0
"bench_t21_three_region.csv"	4	0.0011691482
1 1 -0.090277778 0.60990548 -1 1 2.560936 0.88482661 0.72766943 0.031415412 2 0 0 0 0 1 1 0 45.334863 0
"bench_t22_windowed_sine.csv"	1	-0.14184205
1 1 0.0133975 0.28381226 -1 0.9975 3.7494815 0.14396683 0.19987853 0.017302425 2 0 0 0 0 1 0 0 3.0345707 0
"bench_t22_windowed_sine.csv"	12	-0.14184205
1 1 0.0133975 0.28381226 -1 0.9975 3.7494815 0.14396683 0.19987853 0.017302425 2 0 0 0 0 1 0 0 3.0345707 0
"bench_t22_windowed_sine.csv"	3	-0.030182497
1 1 0.0133975 0.28381226 -1 0.9975 3.7494815 0.14396683 0.19987853 0.017302425 2 0 0 0 0 1 0 0 3.0345707 0
"bench_t22_windowed_sine.csv"	1	0.0024731192
1 1 0.0133975 0.28381226 -1 0.9975 3.7494815 0.14396683 0.19987853 0.017302425 2 0 0 0 0 1 0 0 3.0345707 0
"bench_t22_windowed_sine.csv"	4	-0.030182497
1 1 0.0133975 0.28381226 -1 0.9975 3.7494815 0.14396683 0.19987853 0.017302425 2 0 0 0 0 1 0 0 3.0345707 0
