"I.6.2.csv"	1	-0.45459438
2 1 9.2908792 26.145391 1.582554 20 3.6019015 0.99295117 1.1660524 0.84349332 5 0 0 0 0.020796536 1 1 1 751228.54 4 9.2908792 9.2908792 9.2908792 9.2908792
"I.6.2.csv"	12	-0.45459438
2 1 9.2908792 26.145391 1.582554 20 3.6019015 0.99295117 1.1660524 0.84349332 5 0 0 0 0.020796536 1 1 1 751228.54 4 9.2908792 9.2908792 9.2908792 9.2908792
"I.6.2.csv"	2	-0.45459438
2 1 9.2908792 26.145391 1.582554 20 3.6019015 0.99295117 1.1660524 0.84349332 5 0 0 0 0.020796536 1 1 1 751228.54 4 9.2908792 9.2908792 9.2908792 9.2908792
"I.6.2b.csv"	4	0.0047256257
2 1 1.1522572 0.58993011 0.234715 4.069617 4.9929129 0.97801413 1.061563 0.17646315 4 0 0 0 0.030513357 0 1 1 27027.412 4 1.1522572 1.1522572 1.1522572 1.1522572
"I.6.2b.csv"	1	-0.031893802
2 1 1.1522572 0.58993011 0.234715 4.069617 4.9929129 0.97801413 1.061563 0.17646315 4 0 0 0 0.030513357 0 1 1 27027.412 4 1.1522572 1.1522572 1.1522572 1.1522572
"I.6.2b.csv"	12	-0.031893802
2 1 1.1522572 0.58993011 0.234715 4.069617 4.9929129 0.97801413 1.061563 0.17646315 4 0 0 0 0.030513357 0 1 1 27027.412 4 1.1522572 1.1522572 1.1522572 1.1522572
"I.6.2b.csv"	4	3.518061e-06
2 1 1.1522572 0.58993011 0.234715 4.069617 4.9929129 0.97801413 1.061563 0.17646315 4 0 0 0 0.030513357 0 1 1 27027.412 4 1.1522572 1.1522572 1.1522572 1.1522572
"I.6.2b.csv"	21	6.2092097e-05
2 1 1.1522572 0.58993011 0.234715 4.069617 4.9929129 0.97801413 1.061563 0.17646315 4 0 0 0 0.030513357 0 1 1 27027.412 4 1.1522572 1.1522572 1.1522572 1.1522572
"I.6.2b.csv"	3	3.9308632e-05
2 1 1.1522572 0.58993011 0.234715 4.069617 4.9929129 0.97801413 1.061563 0.17646315 4 0 0 0 0.030513357 0 1 1 27027.412 4 1.1522572 1.1522572 1.1522572 1.1522572
"I.6.2b.csv"	1	-3.7445619e-05
2 1 1.1522572 0.58993011 0.234715 4.069617 4.9929129 0.97801413 1.061563 0.17646315 4 0 0 0 0.030513357 0 1 1 27027.412 4 1.1522572 1.1522572 1.1522572 1.1522572
"I.6.2b.csv"	12	-3.7445619e-05
2 1 1.1522572 0.58993011 0.234715 4.069617 4.9929129 0.97801413 1.061563 0.17646315 4 0 0 0 0.030513357 0 1 1 27027.412 4 1.1522572 1.1522572 1.1522572 1.1522572
"I.6.2b.csv"	2	-3.7445619e-05
2 1 1.1522572 0.58993011 0.234715 4.069617 4.9929129 0.97801413 1.061563 0.17646315 4 0 0 0 0.030513357 0 1 1 27027.412 4 1.1522572 1.1522572 1.1522572 1.1522572
"I.6.2b.csv"	17	-3.7445619e-05
2 1 1.1522572 0.58993011 0.234715 4.069617 4.9929129 0.97801413 1.061563 0.17646315 4 0 0 0 0.030513357 0 1 1 27027.412 4 1.1522572 1.1522572 1.1522572 1.1522572
"I.6.2b.csv"	17	-3.7445619e-05
2 1 1.1522572 0.58993011 0.234715 4.069617 4.9929129 0.97801413 1.061563 0.17646315 4 0 0 0 0.030513357 0 1 1 27027.412 4 1.1522572 1.1522572 1.1522572 1.1522572
"I.7.9.csv"	4	0.0014501947
2 1 1.4828345 0.18780994 0.72651 2.922516 5.0672722 0.99283065 0.61917158 0.082368868 4 0 0 0 0.085757754 0 1 1 7182.64 4 1.4828345 1.4828345 1.4828345 1.4828345
"I.7.9.csv"	1	-0.0086386567
2 1 1.4828345 0.18780994 0.72651 2.922516 5.0672722 0.99283065 0.61917158 0.082368868 4 0 0 0 0.085757754 0 1 1 7182.64 4 1.4828345 1.4828345 1.4828345 1.4828345
"I.7.9.csv"	12	-0.0086386567
2 1 1.4828345 0.18780994 0.72651 2.922516 5.0672722 0.99283065 0.61917158 0.082368868 4 0 0 0 0.085757754 0 1 1 7182.64 4 1.4828345 1.4828345 1.4828345 1.4828345
"I.7.9.csv"	4	-6.284087e-05
2 1 1.4828345 0.18780994 0.72651 2.922516 5.0672722 0.99283065 0.61917158 0.082368868 4 0 0 0 0.085757754 0 1 1 7182.64 4 1.4828345 1.4828345 1.4828345 1.4828345
"I.7.9.csv"	21	-6.284087e-05
2 1 1.4828345 0.18780994 0.72651 2.922516 5.0672722 0.99283065 0.61917158 0.082368868 4 0 0 0 0.085757754 0 1 1 7182.64 4 1.4828345 1.4828345 1.4828345 1.4828345
"I.7.9.csv"	12	-6.284087e-05
2 1 1.4828345 0.18780994 0.72651 2.922516 5.0672722 0.99283065 0.61917158 0.082368868 4 0 0 0 0.085757754 0 1 1 7182.64 4 1.4828345 1.4828345 1.4828345 1.4828345
"I.7.9.csv"	2	-6.284087e-05
2 1 1.4828345 0.18780994 0.72651 2.922516 5.0672722 0.99283065 0.61917158 0.082368868 4 0 0 0 0.085757754 0 1 1 7182.64 4 1.4828345 1.4828345 1.4828345 1.4828345
"I.7.9.csv"	17	-6.284087e-05
2 1 1.4828345 0.18780994 0.72651 2.922516 5.0672722 0.99283065 0.61917158 0.082368868 4 0 0 0 0.085757754 0 1 1 7182.64 4 1.4828345 1.4828345 1.4828345 1.4828345
"I.7.9.csv"	17	-6.284087e-05
2 1 1.4828345 0.18780994 0.72651 2.922516 5.0672722 0.99283065 0.61917158 0.082368868 4 0 0 0 0.085757754 0 1 1 7182.64 4 1.4828345 1.4828345 1.4828345 1.4828345
"I.8.4.csv"	3	-2.7917935
2 1 11.946438 48.569138 1.238512 20 2.6920746 0.94187344 10.706241 0.89250251 4 0 0 0 0.044351885 1 1 1 398012.4 4 11.946438 11.946438 11.946438 11.946438
"I.8.4.csv"	1	-2.7917935
2 1 11.946438 48.569138 1.238512 20 2.6920746 0.94187344 10.706241 0.89250251 4 0 0 0 0.044351885 1 1 1 398012.4 4 11.946438 11.946438 11.946438 11.946438
"I.8.4.csv"	12	-2.7917935
2 1 11.946438 48.569138 1.238512 20 2.6920746 0.94187344 10.706241 0.89250251 4 0 0 0 0.044351885 1 1 1 398012.4 4 11.946438 11.946438 11.946438 11.946438
"I.8.4.csv"	4	-0.027809026
2 1 11.946438 48.569138 1.238512 20 2.6920746 0.94187344 10.706241 0.89250251 4 0 0 0 0.044351885 1 1 1 398012.4 4 11.946438 11.946438 11.946438 11.946438
"I.8.4.csv"	17	0.0015194207
2 1 11.946438 48.569138 1.238512 20 2.6920746 0.94187344 10.706241 0.89250251 4 0 0 0 0.044351885 1 1 1 398012.4 4 11.946438 11.946438 11.946438 11.946438
"I.8.4.csv"	17	-0.027809026
2 1 11.946438 48.569138 1.238512 20 2.6920746 0.94187344 10.706241 0.89250251 4 0 0 0 0.044351885 1 1 1 398012.4 4 11.946438 11.946438 11.946438 11.946438
"I.8.4.csv"	21	-0.027809026
2 1 11.946438 48.569138 1.238512 20 2.6920746 0.94187344 10.706241 0.89250251 4 0 0 0 0.044351885 1 1 1 398012.4 4 11.946438 11.946438 11.946438 11.946438
"I.8.4.csv"	3	0.0062454903
2 1 11.946438 48.569138 1.238512 20 2.6920746 0.94187344 10.706241 0.89250251 4 0 0 0 0.044351885 1 1 1 398012.4 4 11.946438 11.946438 11.946438 11.946438
"I.8.4.csv"	1	0.0042093166
2 1 11.946438 48.569138 1.238512 20 2.6920746 0.94187344 10.706241 0.89250251 4 0 0 0 0.044351885 1 1 1 398012.4 4 11.946438 11.946438 11.946438 11.946438
"I.8.4.csv"	12	-0.027809026
2 1 11.946438 48.569138 1.238512 20 2.6920746 0.94187344 10.706241 0.89250251 4 0 0 0 0.044351885 1 1 1 398012.4 4 11.946438 11.946438 11.946438 11.946438
"I.8.4.csv"	2	0.0049111149
2 1 11.946438 48.569138 1.238512 20 2.6920746 0.94187344 10.706241 0.89250251 4 0 0 0 0.044351885 1 1 1 398012.4 4 11.946438 11.946438 11.946438 11.946438
"I.8.4.csv"	17	-0.015491356
2 1 11.946438 48.569138 1.238512 20 2.6920746 0.94187344 10.706241 0.89250251 4 0 0 0 0.044351885 1 1 1 398012.4 4 11.946438 11.946438 11.946438 11.946438
"I.8.4.csv"	17	0.0009185041
2 1 11.946438 48.569138 1.238512 20 2.6920746 0.94187344 10.706241 0.89250251 4 0 0 0 0.044351885 1 1 1 398012.4 4 11.946438 11.946438 11.946438 11.946438
"I.8.4.csv"	21	0.0010069652
2 1 11.946438 48.569138 1.238512 20 2.6920746 0.94187344 10.706241 0.89250251 4 0 0 0 0.044351885 1 1 1 398012.4 4 11.946438 11.946438 11.946438 11.946438
"I.8.4.csv"	3	0.00037572781
2 1 11.946438 48.569138 1.238512 20 2.6920746 0.94187344 10.706241 0.89250251 4 0 0 0 0.044351885 1 1 1 398012.4 4 11.946438 11.946438 11.946438 11.946438
"I.8.4.csv"	12	-0.014239272
2 1 11.946438 48.569138 1.238512 20 2.6920746 0.94187344 10.706241 0.89250251 4 0 0 0 0.044351885 1 1 1 398012.4 4 11.946438 11.946438 11.946438 11.946438
"I.8.4.csv"	14	-0.011197835
2 1 11.946438 48.569138 1.238512 20 2.6920746 0.94187344 10.706241 0.89250251 4 0 0 0 0.044351885 1 1 1 398012.4 4 11.946438 11.946438 11.946438 11.946438
"I.8.4.csv"	4	-0.011197835
2 1 11.946438 48.569138 1.238512 20 2.6920746 0.94187344 10.706241 0.89250251 4 0 0 0 0.044351885 1 1 1 398012.4 4 11.946438 11.946438 11.946438 11.946438
"I.8.4.csv"	17	-0.011197835
2 1 11.946438 48.569138 1.238512 20 2.6920746 0.94187344 10.706241 0.89250251 4 0 0 0 0.044351885 1 1 1 398012.4 4 11.946438 11.946438 11.946438 11.946438
"I.8.4.csv"	17	-0.011197835
2 1 11.946438 48.569138 1.238512 20 2.6920746 0.94187344 10.706241 0.89250251 4 0 0 0 0.044351885 1 1 1 398012.4 4 11.946438 11.946438 11.946438 11.946438
"I.8.4.csv"	21	-0.011197835
2 1 11.946438 48.569138 1.238512 20 2.6920746 0.94187344 10.706241 0.89250251 4 0 0 0 0.044351885 1 1 1 398012.4 4 11.946438 11.946438 11.946438 11.946438
"I.8.4.csv"	3	-0.011197835
2 1 11.946438 48.569138 1.238512 20 2.6920746 0.94187344 10.706241 0.89250251 4 0 0 0 0.044351885 1 1 1 398012.4 4 11.946438 11.946438 11.946438 11.946438
"I.8.4.csv"	12	-0.011197835
2 1 11.946438 48.569138 1.238512 20 2.6920746 0.94187344 10.706241 0.89250251 4 0 0 0 0.044351885 1 1 1 398012.4 4 11.946438 11.946438 11.946438 11.946438
"I.8.4.csv"	2	-0.011197835
2 1 11.946438 48.569138 1.238512 20 2.6920746 0.94187344 10.706241 0.89250251 4 0 0 0 0.044351885 1 1 1 398012.4 4 11.946438 11.946438 11.946438 11.946438
"I.8.4.csv"	14	-0.011197939
2 1 11.946438 48.569138 1.238512 20 2.6920746 0.94187344 10.706241 0.89250251 4 0 0 0 0.044351885 1 1 1 398012.4 4 11.946438 11.946438 11.946438 11.946438
