"I.6.2b.csv"	4	3.5761548e-05	1
2 1 1.2502777 0.59231603 0.240805 4.069617 4.9749337 0.97477382 1.1567452 0.18872628 4 0 0 0 -0.043142785 0 1 1 102180.5 4 1.2502777 1.2502777 1.2502777 1.2502777
"I.6.2b.csv"	1	-0.026148926	1
2 1 1.2502777 0.59231603 0.240805 4.069617 4.9749337 0.97477382 1.1567452 0.18872628 4 0 0 0 -0.043142785 0 1 1 102180.5 4 1.2502777 1.2502777 1.2502777 1.2502777
"I.6.2b.csv"	12	-0.026148926	1
2 1 1.2502777 0.59231603 0.240805 4.069617 4.9749337 0.97477382 1.1567452 0.18872628 4 0 0 0 -0.043142785 0 1 1 102180.5 4 1.2502777 1.2502777 1.2502777 1.2502777
"I.7.9.csv"	4	0.0008470325	1
2 1 1.4853475 0.2135073 0.72651 3.123374 5.1872482 0.99161463 0.61431174 0.081678549 4 0 0 0 0.048601924 0 1 1 12979.536 4 1.4853475 1.4853475 1.4853475 1.4853475
"I.7.9.csv"	3	0.00011326982	1
2 1 1.4853475 0.2135073 0.72651 3.123374 5.1872482 0.99161463 0.61431174 0.081678549 4 0 0 0 0.048601924 0 1 1 12979.536 4 1.4853475 1.4853475 1.4853475 1.4853475
"I.7.9.csv"	1	-0.010946491	1
2 1 1.4853475 0.2135073 0.72651 3.123374 5.1872482 0.99161463 0.61431174 0.081678549 4 0 0 0 0.048601924 0 1 1 12979.536 4 1.4853475 1.4853475 1.4853475 1.4853475
"I.7.9.csv"	12	-0.010946491	1
2 1 1.4853475 0.2135073 0.72651 3.123374 5.1872482 0.99161463 0.61431174 0.081678549 4 0 0 0 0.048601924 0 1 1 12979.536 4 1.4853475 1.4853475 1.4853475 1.4853475
"I.8.4.csv"	1	-2.1945241	1
2 1 11.55338 46.906495 0.729626 20 2.8136732 0.94034986 9.4888962 0.76892965 4 0 0 0 0.13939674 1 1 1 135125.94 4 11.55338 11.55338 11.55338 11.55338
"I.8.4.csv"	12	-2.1945241	1
2 1 11.55338 46.906495 0.729626 20 2.8136732 0.94034986 9.4888962 0.76892965 4 0 0 0 0.13939674 1 1 1 135125.94 4 11.55338 11.55338 11.55338 11.55338
"I.9.5.csv"	19	-0.20945198	1
3 1 1.7228293 5.6248582 0.079548 20 8.3993059 0.8823412 2.9746908 0.75541585 6 0 0 0 0.075988872 0 1 1 34179.981 4 1.7228293 1.7228293 1.7228293 1.7228293
"I.9.5.csv"	19	-0.20945198	1
3 1 1.7228293 5.6248582 0.079548 20 8.3993059 0.8823412 2.9746908 0.75541585 6 0 0 0 0.075988872 0 1 1 34179.981 4 1.7228293 1.7228293 1.7228293 1.7228293
"I.9.5.csv"	19	-0.20945198	1
3 1 1.7228293 5.6248582 0.079548 20 8.3993059 0.8823412 2.9746908 0.75541585 6 0 0 0 0.075988872 0 1 1 34179.981 4 1.7228293 1.7228293 1.7228293 1.7228293
"I.9.5.csv"	19	-0.20945198	1
3 1 1.7228293 5.6248582 0.079548 20 8.3993059 0.8823412 2.9746908 0.75541585 6 0 0 0 0.075988872 0 1 1 34179.981 4 1.7228293 1.7228293 1.7228293 1.7228293
"I.9.5.csv"	19	-0.20945198	1
3 1 1.7228293 5.6248582 0.079548 20 8.3993059 0.8823412 2.9746908 0.75541585 6 0 0 0 0.075988872 0 1 1 34179.981 4 1.7228293 1.7228293 1.7228293 1.7228293
"I.9.5.csv"	4	-0.20945198	1
3 1 1.7228293 5.6248582 0.079548 20 8.3993059 0.8823412 2.9746908 0.75541585 6 0 0 0 0.075988872 0 1 1 34179.981 4 1.7228293 1.7228293 1.7228293 1.7228293
"I.9.5.csv"	17	-0.20945198	1
3 1 1.7228293 5.6248582 0.079548 20 8.3993059 0.8823412 2.9746908 0.75541585 6 0 0 0 0.075988872 0 1 1 34179.981 4 1.7228293 1.7228293 1.7228293 1.7228293
"I.10.7.csv"	3	0.00030996146	1
2 1 3.7580114 2.7613331 1.110554 9.545518 5.0760259 0.98435434 5.8000289 6.3030891 4 1 1 1 0.074021613 0 1 1 362206.5 4 3.7580114 3.7580114 3.7580114 3.7580114
"I.10.7.csv"	1	-0.23053309	1
2 1 3.7580114 2.7613331 1.110554 9.545518 5.0760259 0.98435434 5.8000289 6.3030891 4 1 1 1 0.074021613 0 1 1 362206.5 4 3.7580114 3.7580114 3.7580114 3.7580114
"I.10.7.csv"	12	-0.23053309	1
2 1 3.7580114 2.7613331 1.110554 9.545518 5.0760259 0.98435434 5.8000289 6.3030891 4 1 1 1 0.074021613 0 1 1 362206.5 4 3.7580114 3.7580114 3.7580114 3.7580114
"I.12.5.csv"	4	-0.49489345	1
3 1 -3.9668997 11.448006 -20 -0.309759 5.8195057 0.96915276 2.0215237 0.6000328 6 0 0 0 0.065343583 0 1 0 239072.8 4 -3.9668997 -3.9668997 -3.9668997 -3.9668997
"I.12.5.csv"	21	-0.49489345	1
3 1 -3.9668997 11.448006 -20 -0.309759 5.8195057 0.96915276 2.0215237 0.6000328 6 0 0 0 0.065343583 0 1 0 239072.8 4 -3.9668997 -3.9668997 -3.9668997 -3.9668997
"I.12.5.csv"	3	-0.49489345	1
3 1 -3.9668997 11.448006 -20 -0.309759 5.8195057 0.96915276 2.0215237 0.6000328 6 0 0 0 0.065343583 0 1 0 239072.8 4 -3.9668997 -3.9668997 -3.9668997 -3.9668997
"I.12.5.csv"	1	-0.49489345	1
3 1 -3.9668997 11.448006 -20 -0.309759 5.8195057 0.96915276 2.0215237 0.6000328 6 0 0 0 0.065343583 0 1 0 239072.8 4 -3.9668997 -3.9668997 -3.9668997 -3.9668997
"I.12.5.csv"	12	-0.49489345	1
3 1 -3.9668997 11.448006 -20 -0.309759 5.8195057 0.96915276 2.0215237 0.6000328 6 0 0 0 0.065343583 0 1 0 239072.8 4 -3.9668997 -3.9668997 -3.9668997 -3.9668997
"I.12.5.csv"	17	-0.49489345	1
3 1 -3.9668997 11.448006 -20 -0.309759 5.8195057 0.96915276 2.0215237 0.6000328 6 0 0 0 0.065343583 0 1 0 239072.8 4 -3.9668997 -3.9668997 -3.9668997 -3.9668997
"I.12.5.csv"	17	-0.49489345	1
3 1 -3.9668997 11.448006 -20 -0.309759 5.8195057 0.96915276 2.0215237 0.6000328 6 0 0 0 0.065343583 0 1 0 239072.8 4 -3.9668997 -3.9668997 -3.9668997 -3.9668997
"I.12.5.csv"	19	-0.49489345	1
3 1 -3.9668997 11.448006 -20 -0.309759 5.8195057 0.96915276 2.0215237 0.6000328 6 0 0 0 0.065343583 0 1 0 239072.8 4 -3.9668997 -3.9668997 -3.9668997 -3.9668997
"I.12.5.csv"	19	-0.49489345	1
3 1 -3.9668997 11.448006 -20 -0.309759 5.8195057 0.96915276 2.0215237 0.6000328 6 0 0 0 0.065343583 0 1 0 239072.8 4 -3.9668997 -3.9668997 -3.9668997 -3.9668997
"I.13.12.csv"	3	-93.291994	1
2 1 16.412508 33.526918 1.091284 20 3.2656168 0.89452138 14.988559 1.4856463 5 0 0 0 0.14732122 1 1 1 101833.33 4 16.412508 16.412508 16.412508 16.412508
"I.13.12.csv"	1	-93.291994	1
2 1 16.412508 33.526918 1.091284 20 3.2656168 0.89452138 14.988559 1.4856463 5 0 0 0 0.14732122 1 1 1 101833.33 4 16.412508 16.412508 16.412508 16.412508
"I.13.12.csv"	12	-93.291994	1
2 1 16.412508 33.526918 1.091284 20 3.2656168 0.89452138 14.988559 1.4856463 5 0 0 0 0.14732122 1 1 1 101833.33 4 16.412508 16.412508 16.412508 16.412508
"I.14.3.csv"	1	-0.064416255	1
4 1 3.0089219 0.75893031 1.250111 4.939854 4.2354072 0.99743657 0.5139074 0.086737327 11 0 0 0 0.066901861 0 1 1 1365781.5 4 3.0089219 3.0089219 3.0089219 3.0089219
"I.14.3.csv"	12	-0.064416255	1
4 1 3.0089219 0.75893031 1.250111 4.939854 4.2354072 0.99743657 0.5139074 0.086737327 11 0 0 0 0.066901861 0 1 1 1365781.5 4 3.0089219 3.0089219 3.0089219 3.0089219
"I.14.3.csv"	4	-0.000869124	1
4 1 3.0089219 0.75893031 1.250111 4.939854 4.2354072 0.99743657 0.5139074 0.086737327 11 0 0 0 0.066901861 0 1 1 1365781.5 4 3.0089219 3.0089219 3.0089219 3.0089219
"I.14.3.csv"	21	0.00029296735	1
4 1 3.0089219 0.75893031 1.250111 4.939854 4.2354072 0.99743657 0.5139074 0.086737327 11 0 0 0 0.066901861 0 1 1 1365781.5 4 3.0089219 3.0089219 3.0089219 3.0089219
"I.14.3.csv"	3	0.00035570755	1
4 1 3.0089219 0.75893031 1.250111 4.939854 4.2354072 0.99743657 0.5139074 0.086737327 11 0 0 0 0.066901861 0 1 1 1365781.5 4 3.0089219 3.0089219 3.0089219 3.0089219
"I.14.3.csv"	1	-0.000869124	1
4 1 3.0089219 0.75893031 1.250111 4.939854 4.2354072 0.99743657 0.5139074 0.086737327 11 0 0 0 0.066901861 0 1 1 1365781.5 4 3.0089219 3.0089219 3.0089219 3.0089219
"I.14.3.csv"	12	-0.000869124	1
4 1 3.0089219 0.75893031 1.250111 4.939854 4.2354072 0.99743657 0.5139074 0.086737327 11 0 0 0 0.066901861 0 1 1 1365781.5 4 3.0089219 3.0089219 3.0089219 3.0089219
"I.14.3.csv"	2	-0.000869124	1
4 1 3.0089219 0.75893031 1.250111 4.939854 4.2354072 0.99743657 0.5139074 0.086737327 11 0 0 0 0.066901861 0 1 1 1365781.5 4 3.0089219 3.0089219 3.0089219 3.0089219
"I.14.3.csv"	17	-0.000869124	1
4 1 3.0089219 0.75893031 1.250111 4.939854 4.2354072 0.99743657 0.5139074 0.086737327 11 0 0 0 0.066901861 0 1 1 1365781.5 4 3.0089219 3.0089219 3.0089219 3.0089219
"I.14.3.csv"	17	-0.000869124	1
4 1 3.0089219 0.75893031 1.250111 4.939854 4.2354072 0.99743657 0.5139074 0.086737327 11 0 0 0 0.066901861 0 1 1 1365781.5 4 3.0089219 3.0089219 3.0089219 3.0089219
"I.14.3.csv"	19	-0.000869124	1
4 1 3.0089219 0.75893031 1.250111 4.939854 4.2354072 0.99743657 0.5139074 0.086737327 11 0 0 0 0.066901861 0 1 1 1365781.5 4 3.0089219 3.0089219 3.0089219 3.0089219
"I.14.3.csv"	19	-0.000869124	1
4 1 3.0089219 0.75893031 1.250111 4.939854 4.2354072 0.99743657 0.5139074 0.086737327 11 0 0 0 0.066901861 0 1 1 1365781.5 4 3.0089219 3.0089219 3.0089219 3.0089219
"I.14.3.csv"	19	-0.000869124	1
4 1 3.0089219 0.75893031 1.250111 4.939854 4.2354072 0.99743657 0.5139074 0.086737327 11 0 0 0 0.066901861 0 1 1 1365781.5 4 3.0089219 3.0089219 3.0089219 3.0089219
"I.14.3.csv"	19	-0.000869124	1
4 1 3.0089219 0.75893031 1.250111 4.939854 4.2354072 0.99743657 0.5139074 0.086737327 11 0 0 0 0.066901861 0 1 1 1365781.5 4 3.0089219 3.0089219 3.0089219 3.0089219
"I.14.3.csv"	19	-0.000869124	1
4 1 3.0089219 0.75893031 1.250111 4.939854 4.2354072 0.99743657 0.5139074 0.086737327 11 0 0 0 0.066901861 0 1 1 1365781.5 4 3.0089219 3.0089219 3.0089219 3.0089219
"I.14.3.csv"	19	-0.000869124	1
4 1 3.0089219 0.75893031 1.250111 4.939854 4.2354072 0.99743657 0.5139074 0.086737327 11 0 0 0 0.066901861 0 1 1 1365781.5 4 3.0089219 3.0089219 3.0089219 3.0089219
"I.15.3.csv"	1	-0.005418344	1
2 1 0.017425419 0.17405536 -0.808679 0.853437 3.9839844 0.99054265 0.25789179 1.0668426 4 1 1 1 0.066938158 1 1 0 12244.926 4 0.017425419 0.017425419 0.017425419 0.017425419
"I.15.3.csv"	12	-0.005418344	1
2 1 0.017425419 0.17405536 -0.808679 0.853437 3.9839844 0.99054265 0.25789179 1.0668426 4 1 1 1 0.066938158 1 1 0 12244.926 4 0.017425419 0.017425419 0.017425419 0.017425419
"I.15.3.csv"	2	0.00061173152	1
2 1 0.017425419 0.17405536 -0.808679 0.853437 3.9839844 0.99054265 0.25789179 1.0668426 4 1 1 1 0.066938158 1 1 0 12244.926 4 0.017425419 0.017425419 0.017425419 0.017425419
"I.15.10.csv"	1	-0.00036269462	1
2 1 0.78947463 0.030126214 0.234205 0.991983 4.3658591 0.99983695 1.1518392 1.0103371 5 0 0 0 0.049862433 0 1 1 41542 4 0.78947463 0.78947463 0.78947463 0.78947463
"I.15.10.csv"	12	-0.00036269462	1
2 1 0.78947463 0.030126214 0.234205 0.991983 4.3658591 0.99983695 1.1518392 1.0103371 5 0 0 0 0.049862433 0 1 1 41542 4 0.78947463 0.78947463 0.78947463 0.78947463
"I.15.10.csv"	1	-4.2911902e-05	1
2 1 0.78947463 0.030126214 0.234205 0.991983 4.3658591 0.99983695 1.1518392 1.0103371 5 0 0 0 0.049862433 0 1 1 41542 4 0.78947463 0.78947463 0.78947463 0.78947463
"I.15.10.csv"	12	-4.2911902e-05	1
2 1 0.78947463 0.030126214 0.234205 0.991983 4.3658591 0.99983695 1.1518392 1.0103371 5 0 0 0 0.049862433 0 1 1 41542 4 0.78947463 0.78947463 0.78947463 0.78947463
"I.15.10.csv"	17	1.704892e-06	1
2 1 0.78947463 0.030126214 0.234205 0.991983 4.3658591 0.99983695 1.1518392 1.0103371 5 0 0 0 0.049862433 0 1 1 41542 4 0.78947463 0.78947463 0.78947463 0.78947463
"I.18.4.csv"	4	0.031220416	1
3 1 3.8340297 9.4450019 0.27381 19.508064 6.2585586 0.97053469 1.6669248 0.54506157 6 0 0 0 0.087066781 0 1 1 2104372.5 4 3.8340297 3.8340297 3.8340297 3.8340297
"I.18.4.csv"	1	-0.35427596	1
3 1 3.8340297 9.4450019 0.27381 19.508064 6.2585586 0.97053469 1.6669248 0.54506157 6 0 0 0 0.087066781 0 1 1 2104372.5 4 3.8340297 3.8340297 3.8340297 3.8340297
"I.18.4.csv"	12	-0.35427596	1
3 1 3.8340297 9.4450019 0.27381 19.508064 6.2585586 0.97053469 1.6669248 0.54506157 6 0 0 0 0.087066781 0 1 1 2104372.5 4 3.8340297 3.8340297 3.8340297 3.8340297
"I.18.4.csv"	19	-0.35427596	1
3 1 3.8340297 9.4450019 0.27381 19.508064 6.2585586 0.97053469 1.6669248 0.54506157 6 0 0 0 0.087066781 0 1 1 2104372.5 4 3.8340297 3.8340297 3.8340297 3.8340297
"I.18.4.csv"	19	0.05527456	1
3 1 3.8340297 9.4450019 0.27381 19.508064 6.2585586 0.97053469 1.6669248 0.54506157 6 0 0 0 0.087066781 0 1 1 2104372.5 4 3.8340297 3.8340297 3.8340297 3.8340297
"I.18.14.csv"	19	-14.759943	1
3 1 16.390692 28.832555 2.203032 20 3.3143964 0.92645087 10.20197 0.74579946 8 0 0 0 0.080637174 1 1 1 74631.287 4 16.390692 16.390692 16.390692 16.390692
"I.18.14.csv"	19	-14.759943	1
3 1 16.390692 28.832555 2.203032 20 3.3143964 0.92645087 10.20197 0.74579946 8 0 0 0 0.080637174 1 1 1 74631.287 4 16.390692 16.390692 16.390692 16.390692
"I.18.14.csv"	19	-14.759943	1
3 1 16.390692 28.832555 2.203032 20 3.3143964 0.92645087 10.20197 0.74579946 8 0 0 0 0.080637174 1 1 1 74631.287 4 16.390692 16.390692 16.390692 16.390692
"I.18.14.csv"	19	-14.759943	1
3 1 16.390692 28.832555 2.203032 20 3.3143964 0.92645087 10.20197 0.74579946 8 0 0 0 0.080637174 1 1 1 74631.287 4 16.390692 16.390692 16.390692 16.390692
"I.18.14.csv"	19	-14.759943	1
3 1 16.390692 28.832555 2.203032 20 3.3143964 0.92645087 10.20197 0.74579946 8 0 0 0 0.080637174 1 1 1 74631.287 4 16.390692 16.390692 16.390692 16.390692
"I.18.14.csv"	19	-14.759943	1
3 1 16.390692 28.832555 2.203032 20 3.3143964 0.92645087 10.20197 0.74579946 8 0 0 0 0.080637174 1 1 1 74631.287 4 16.390692 16.390692 16.390692 16.390692
"I.24.6.csv"	3	0.00075373753	1
2 1 2.3749331 1.2753202 0.429653 4.882574 3.943078 0.99441704 2.6824982 2.7266482 4 1 1 1 -0.093915171 1 1 1 93306.75 4 2.3749331 2.3749331 2.3749331 2.3749331
"I.24.6.csv"	1	-0.078200535	1
2 1 2.3749331 1.2753202 0.429653 4.882574 3.943078 0.99441704 2.6824982 2.7266482 4 1 1 1 -0.093915171 1 1 1 93306.75 4 2.3749331 2.3749331 2.3749331 2.3749331
"I.24.6.csv"	12	-0.078200535	1
2 1 2.3749331 1.2753202 0.429653 4.882574 3.943078 0.99441704 2.6824982 2.7266482 4 1 1 1 -0.093915171 1 1 1 93306.75 4 2.3749331 2.3749331 2.3749331 2.3749331
"I.24.6.csv"	21	-0.0034573328	1
2 1 2.3749331 1.2753202 0.429653 4.882574 3.943078 0.99441704 2.6824982 2.7266482 4 1 1 1 -0.093915171 1 1 1 93306.75 4 2.3749331 2.3749331 2.3749331 2.3749331
"I.24.6.csv"	3	-0.0034573328	1
2 1 2.3749331 1.2753202 0.429653 4.882574 3.943078 0.99441704 2.6824982 2.7266482 4 1 1 1 -0.093915171 1 1 1 93306.75 4 2.3749331 2.3749331 2.3749331 2.3749331
"I.24.6.csv"	1	-0.0034573328	1
2 1 2.3749331 1.2753202 0.429653 4.882574 3.943078 0.99441704 2.6824982 2.7266482 4 1 1 1 -0.093915171 1 1 1 93306.75 4 2.3749331 2.3749331 2.3749331 2.3749331
"I.24.6.csv"	12	-0.0034573328	1
2 1 2.3749331 1.2753202 0.429653 4.882574 3.943078 0.99441704 2.6824982 2.7266482 4 1 1 1 -0.093915171 1 1 1 93306.75 4 2.3749331 2.3749331 2.3749331 2.3749331
"I.24.6.csv"	2	8.9355579e-05	1
2 1 2.3749331 1.2753202 0.429653 4.882574 3.943078 0.99441704 2.6824982 2.7266482 4 1 1 1 -0.093915171 1 1 1 93306.75 4 2.3749331 2.3749331 2.3749331 2.3749331
"I.24.6.csv"	4	4.3487592e-06	1
2 1 2.3749331 1.2753202 0.429653 4.882574 3.943078 0.99441704 2.6824982 2.7266482 4 1 1 1 -0.093915171 1 1 1 93306.75 4 2.3749331 2.3749331 2.3749331 2.3749331
"I.24.6.csv"	21	-0.0045716702	1
2 1 2.3749331 1.2753202 0.429653 4.882574 3.943078 0.99441704 2.6824982 2.7266482 4 1 1 1 -0.093915171 1 1 1 93306.75 4 2.3749331 2.3749331 2.3749331 2.3749331
"I.24.6.csv"	3	0.00023168908	1
2 1 2.3749331 1.2753202 0.429653 4.882574 3.943078 0.99441704 2.6824982 2.7266482 4 1 1 1 -0.093915171 1 1 1 93306.75 4 2.3749331 2.3749331 2.3749331 2.3749331
"I.24.6.csv"	1	-0.0045716702	1
2 1 2.3749331 1.2753202 0.429653 4.882574 3.943078 0.99441704 2.6824982 2.7266482 4 1 1 1 -0.093915171 1 1 1 93306.75 4 2.3749331 2.3749331 2.3749331 2.3749331
"I.24.6.csv"	12	-0.0045716702	1
2 1 2.3749331 1.2753202 0.429653 4.882574 3.943078 0.99441704 2.6824982 2.7266482 4 1 1 1 -0.093915171 1 1 1 93306.75 4 2.3749331 2.3749331 2.3749331 2.3749331
"I.24.6.csv"	4	-0.00063256625	1
2 1 2.3749331 1.2753202 0.429653 4.882574 3.943078 0.99441704 2.6824982 2.7266482 4 1 1 1 -0.093915171 1 1 1 93306.75 4 2.3749331 2.3749331 2.3749331 2.3749331
"I.24.6.csv"	21	-0.00063256625	1
2 1 2.3749331 1.2753202 0.429653 4.882574 3.943078 0.99441704 2.6824982 2.7266482 4 1 1 1 -0.093915171 1 1 1 93306.75 4 2.3749331 2.3749331 2.3749331 2.3749331
"I.24.6.csv"	3	-0.00063256625	1
2 1 2.3749331 1.2753202 0.429653 4.882574 3.943078 0.99441704 2.6824982 2.7266482 4 1 1 1 -0.093915171 1 1 1 93306.75 4 2.3749331 2.3749331 2.3749331 2.3749331
"I.24.6.csv"	12	-0.00063256625	1
2 1 2.3749331 1.2753202 0.429653 4.882574 3.943078 0.99441704 2.6824982 2.7266482 4 1 1 1 -0.093915171 1 1 1 93306.75 4 2.3749331 2.3749331 2.3749331 2.3749331
"I.24.6.csv"	2	-0.00063256625	1
2 1 2.3749331 1.2753202 0.429653 4.882574 3.943078 0.99441704 2.6824982 2.7266482 4 1 1 1 -0.093915171 1 1 1 93306.75 4 2.3749331 2.3749331 2.3749331 2.3749331
"I.24.6.csv"	4	-0.00035036876	1
2 1 2.3749331 1.2753202 0.429653 4.882574 3.943078 0.99441704 2.6824982 2.7266482 4 1 1 1 -0.093915171 1 1 1 93306.75 4 2.3749331 2.3749331 2.3749331 2.3749331
"I.24.6.csv"	21	-0.00035036876	1
2 1 2.3749331 1.2753202 0.429653 4.882574 3.943078 0.99441704 2.6824982 2.7266482 4 1 1 1 -0.093915171 1 1 1 93306.75 4 2.3749331 2.3749331 2.3749331 2.3749331
"I.24.6.csv"	3	-0.00035036876	1
2 1 2.3749331 1.2753202 0.429653 4.882574 3.943078 0.99441704 2.6824982 2.7266482 4 1 1 1 -0.093915171 1 1 1 93306.75 4 2.3749331 2.3749331 2.3749331 2.3749331
"I.24.6.csv"	12	-0.00035036876	1
2 1 2.3749331 1.2753202 0.429653 4.882574 3.943078 0.99441704 2.6824982 2.7266482 4 1 1 1 -0.093915171 1 1 1 93306.75 4 2.3749331 2.3749331 2.3749331 2.3749331
"I.24.6.csv"	2	-0.00035036876	1
2 1 2.3749331 1.2753202 0.429653 4.882574 3.943078 0.99441704 2.6824982 2.7266482 4 1 1 1 -0.093915171 1 1 1 93306.75 4 2.3749331 2.3749331 2.3749331 2.3749331
"I.24.6.csv"	4	-0.00037227671	1
2 1 2.3749331 1.2753202 0.429653 4.882574 3.943078 0.99441704 2.6824982 2.7266482 4 1 1 1 -0.093915171 1 1 1 93306.75 4 2.3749331 2.3749331 2.3749331 2.3749331
"I.24.6.csv"	21	-0.00037227671	1
2 1 2.3749331 1.2753202 0.429653 4.882574 3.943078 0.99441704 2.6824982 2.7266482 4 1 1 1 -0.093915171 1 1 1 93306.75 4 2.3749331 2.3749331 2.3749331 2.3749331
"I.24.6.csv"	3	-0.00037227671	1
2 1 2.3749331 1.2753202 0.429653 4.882574 3.943078 0.99441704 2.6824982 2.7266482 4 1 1 1 -0.093915171 1 1 1 93306.75 4 2.3749331 2.3749331 2.3749331 2.3749331
"I.24.6.csv"	12	-0.00037227671	1
2 1 2.3749331 1.2753202 0.429653 4.882574 3.943078 0.99441704 2.6824982 2.7266482 4 1 1 1 -0.093915171 1 1 1 93306.75 4 2.3749331 2.3749331 2.3749331 2.3749331
"I.24.6.csv"	2	-0.00037227671	1
2 1 2.3749331 1.2753202 0.429653 4.882574 3.943078 0.99441704 2.6824982 2.7266482 4 1 1 1 -0.093915171 1 1 1 93306.75 4 2.3749331 2.3749331 2.3749331 2.3749331
"I.24.6.csv"	4	-0.00017011917	1
2 1 2.3749331 1.2753202 0.429653 4.882574 3.943078 0.99441704 2.6824982 2.7266482 4 1 1 1 -0.093915171 1 1 1 93306.75 4 2.3749331 2.3749331 2.3749331 2.3749331
"I.24.6.csv"	21	-0.00017011917	1
2 1 2.3749331 1.2753202 0.429653 4.882574 3.943078 0.99441704 2.6824982 2.7266482 4 1 1 1 -0.093915171 1 1 1 93306.75 4 2.3749331 2.3749331 2.3749331 2.3749331
"I.24.6.csv"	3	-0.00017011917	1
2 1 2.3749331 1.2753202 0.429653 4.882574 3.943078 0.99441704 2.6824982 2.7266482 4 1 1 1 -0.093915171 1 1 1 93306.75 4 2.3749331 2.3749331 2.3749331 2.3749331
"I.24.6.csv"	12	-0.00017011917	1
2 1 2.3749331 1.2753202 0.429653 4.882574 3.943078 0.99441704 2.6824982 2.7266482 4 1 1 1 -0.093915171 1 1 1 93306.75 4 2.3749331 2.3749331 2.3749331 2.3749331
"I.24.6.csv"	2	-0.00017011917	1
2 1 2.3749331 1.2753202 0.429653 4.882574 3.943078 0.99441704 2.6824982 2.7266482 4 1 1 1 -0.093915171 1 1 1 93306.75 4 2.3749331 2.3749331 2.3749331 2.3749331
"I.25.9.csv"	3	0.00097009678	1
2 1 1.3774725 0.20070167 0.544137 2.364171 4.0625995 0.99809469 0.26570195 0.083372084 5 0 0 0 0.09911708 0 1 1 767565 4 1.3774725 1.3774725 1.3774725 1.3774725
"I.25.9.csv"	1	-0.013494089	1
2 1 1.3774725 0.20070167 0.544137 2.364171 4.0625995 0.99809469 0.26570195 0.083372084 5 0 0 0 0.09911708 0 1 1 767565 4 1.3774725 1.3774725 1.3774725 1.3774725
"I.25.9.csv"	12	-0.013494089	1
2 1 1.3774725 0.20070167 0.544137 2.364171 4.0625995 0.99809469 0.26570195 0.083372084 5 0 0 0 0.09911708 0 1 1 767565 4 1.3774725 1.3774725 1.3774725 1.3774725
"I.29.16.csv"	23	-0.67077174	1
3 1 0.57175254 2.2462855 -2.969392 2.918667 3.9286169 0.41198572 3.3871296 0.89337827 5 0 0 0 0.42100854 1 1 0 254945.65 4 0.57175254 0.57175254 0.57175254 0.57175254
"I.29.16.csv"	18	-0.67077174	1
3 1 0.57175254 2.2462855 -2.969392 2.918667 3.9286169 0.41198572 3.3871296 0.89337827 5 0 0 0 0.42100854 1 1 0 254945.65 4 0.57175254 0.57175254 0.57175254 0.57175254
"I.29.16.csv"	19	-0.67077174	1
3 1 0.57175254 2.2462855 -2.969392 2.918667 3.9286169 0.41198572 3.3871296 0.89337827 5 0 0 0 0.42100854 1 1 0 254945.65 4 0.57175254 0.57175254 0.57175254 0.57175254
"I.29.16.csv"	19	-0.67077174	1
3 1 0.57175254 2.2462855 -2.969392 2.918667 3.9286169 0.41198572 3.3871296 0.89337827 5 0 0 0 0.42100854 1 1 0 254945.65 4 0.57175254 0.57175254 0.57175254 0.57175254
"I.29.16.csv"	19	-0.67077174	1
3 1 0.57175254 2.2462855 -2.969392 2.918667 3.9286169 0.41198572 3.3871296 0.89337827 5 0 0 0 0.42100854 1 1 0 254945.65 4 0.57175254 0.57175254 0.57175254 0.57175254
"I.29.16.csv"	23	-0.67077174	1
3 1 0.57175254 2.2462855 -2.969392 2.918667 3.9286169 0.41198572 3.3871296 0.89337827 5 0 0 0 0.42100854 1 1 0 254945.65 4 0.57175254 0.57175254 0.57175254 0.57175254
"I.29.16.csv"	23	-0.57494382	1
3 1 0.57175254 2.2462855 -2.969392 2.918667 3.9286169 0.41198572 3.3871296 0.89337827 5 0 0 0 0.42100854 1 1 0 254945.65 4 0.57175254 0.57175254 0.57175254 0.57175254
"I.29.16.csv"	18	-0.57494382	1
3 1 0.57175254 2.2462855 -2.969392 2.918667 3.9286169 0.41198572 3.3871296 0.89337827 5 0 0 0 0.42100854 1 1 0 254945.65 4 0.57175254 0.57175254 0.57175254 0.57175254
"I.29.16.csv"	23	-0.57494382	1
3 1 0.57175254 2.2462855 -2.969392 2.918667 3.9286169 0.41198572 3.3871296 0.89337827 5 0 0 0 0.42100854 1 1 0 254945.65 4 0.57175254 0.57175254 0.57175254 0.57175254
"I.29.16.csv"	4	-0.57494382	1
3 1 0.57175254 2.2462855 -2.969392 2.918667 3.9286169 0.41198572 3.3871296 0.89337827 5 0 0 0 0.42100854 1 1 0 254945.65 4 0.57175254 0.57175254 0.57175254 0.57175254
"I.29.16.csv"	1	-0.57494382	1
3 1 0.57175254 2.2462855 -2.969392 2.918667 3.9286169 0.41198572 3.3871296 0.89337827 5 0 0 0 0.42100854 1 1 0 254945.65 4 0.57175254 0.57175254 0.57175254 0.57175254
"I.29.16.csv"	21	-0.57494382	1
3 1 0.57175254 2.2462855 -2.969392 2.918667 3.9286169 0.41198572 3.3871296 0.89337827 5 0 0 0 0.42100854 1 1 0 254945.65 4 0.57175254 0.57175254 0.57175254 0.57175254
"I.29.16.csv"	12	-0.57494382	1
3 1 0.57175254 2.2462855 -2.969392 2.918667 3.9286169 0.41198572 3.3871296 0.89337827 5 0 0 0 0.42100854 1 1 0 254945.65 4 0.57175254 0.57175254 0.57175254 0.57175254
"I.29.16.csv"	11	-0.57494382	1
3 1 0.57175254 2.2462855 -2.969392 2.918667 3.9286169 0.41198572 3.3871296 0.89337827 5 0 0 0 0.42100854 1 1 0 254945.65 4 0.57175254 0.57175254 0.57175254 0.57175254
"I.29.16.csv"	3	-0.57494382	1
3 1 0.57175254 2.2462855 -2.969392 2.918667 3.9286169 0.41198572 3.3871296 0.89337827 5 0 0 0 0.42100854 1 1 0 254945.65 4 0.57175254 0.57175254 0.57175254 0.57175254
"I.32.8.csv"	19	0.29432943	1
3 1 6.0056762 48.106242 0.051101 20 2.8761943 0.93832238 8.3928396 2.5957261 6 0 0 0 0.079271328 1 1 1 379598.1 4 6.0056762 6.0056762 6.0056762 6.0056762
"I.32.8.csv"	19	-7.2203586	1
3 1 6.0056762 48.106242 0.051101 20 2.8761943 0.93832238 8.3928396 2.5957261 6 0 0 0 0.079271328 1 1 1 379598.1 4 6.0056762 6.0056762 6.0056762 6.0056762
"I.32.8.csv"	19	1.8534255	1
3 1 6.0056762 48.106242 0.051101 20 2.8761943 0.93832238 8.3928396 2.5957261 6 0 0 0 0.079271328 1 1 1 379598.1 4 6.0056762 6.0056762 6.0056762 6.0056762
"I.32.8.csv"	4	-7.2203586	1
3 1 6.0056762 48.106242 0.051101 20 2.8761943 0.93832238 8.3928396 2.5957261 6 0 0 0 0.079271328 1 1 1 379598.1 4 6.0056762 6.0056762 6.0056762 6.0056762
"I.34.6.csv"	3	4.4108766e-06	1
1 1 0.616471 0.044048338 0.230261 0.993115 3.6347677 0.99913898 0.81313428 0.0032658451 2 0 0 0 0 1 0 1 1.2083333 0
"I.34.6.csv"	1	-5.8686108e-05	1
1 1 0.616471 0.044048338 0.230261 0.993115 3.6347677 0.99913898 0.81313428 0.0032658451 2 0 0 0 0 1 0 1 1.2083333 0
"I.34.6.csv"	12	-5.8686108e-05	1
1 1 0.616471 0.044048338 0.230261 0.993115 3.6347677 0.99913898 0.81313428 0.0032658451 2 0 0 0 0 1 0 1 1.2083333 0
"I.34.6.csv"	4	5.7959151e-06	1
1 1 0.616471 0.044048338 0.230261 0.993115 3.6347677 0.99913898 0.81313428 0.0032658451 2 0 0 0 0 1 0 1 1.2083333 0
"I.34.6.csv"	3	9.1023495e-06	1
1 1 0.616471 0.044048338 0.230261 0.993115 3.6347677 0.99913898 0.81313428 0.0032658451 2 0 0 0 0 1 0 1 1.2083333 0
"I.34.6.csv"	1	2.4254619e-05	1
1 1 0.616471 0.044048338 0.230261 0.993115 3.6347677 0.99913898 0.81313428 0.0032658451 2 0 0 0 0 1 0 1 1.2083333 0
"I.34.6.csv"	12	-4.8091735e-05	1
1 1 0.616471 0.044048338 0.230261 0.993115 3.6347677 0.99913898 0.81313428 0.0032658451 2 0 0 0 0 1 0 1 1.2083333 0
"I.34.6.csv"	4	1.1578798e-05	1
1 1 0.616471 0.044048338 0.230261 0.993115 3.6347677 0.99913898 0.81313428 0.0032658451 2 0 0 0 0 1 0 1 1.2083333 0
"I.34.6.csv"	21	-4.8091735e-05	1
1 1 0.616471 0.044048338 0.230261 0.993115 3.6347677 0.99913898 0.81313428 0.0032658451 2 0 0 0 0 1 0 1 1.2083333 0
"I.43.27.csv"	19	-0.0031257856	1
3 1 0.3108792 0.12459079 0.02437 2.451401 6.8759445 0.91964216 1.0633175 0.16452474 5 0 0 0 0.045778691 0 1 1 8010.9405 4 0.3108792 0.3108792 0.3108792 0.3108792
"I.43.27.csv"	19	-0.0031257856	1
3 1 0.3108792 0.12459079 0.02437 2.451401 6.8759445 0.91964216 1.0633175 0.16452474 5 0 0 0 0.045778691 0 1 1 8010.9405 4 0.3108792 0.3108792 0.3108792 0.3108792
"I.43.27.csv"	19	0.0021436524	1
3 1 0.3108792 0.12459079 0.02437 2.451401 6.8759445 0.91964216 1.0633175 0.16452474 5 0 0 0 0.045778691 0 1 1 8010.9405 4 0.3108792 0.3108792 0.3108792 0.3108792
"I.43.27.csv"	19	0.0016803225	1
3 1 0.3108792 0.12459079 0.02437 2.451401 6.8759445 0.91964216 1.0633175 0.16452474 5 0 0 0 0.045778691 0 1 1 8010.9405 4 0.3108792 0.3108792 0.3108792 0.3108792
"I.43.27.csv"	19	0.00030657069	1
3 1 0.3108792 0.12459079 0.02437 2.451401 6.8759445 0.91964216 1.0633175 0.16452474 5 0 0 0 0.045778691 0 1 1 8010.9405 4 0.3108792 0.3108792 0.3108792 0.3108792
"I.43.27.csv"	19	0.00011690793	1
3 1 0.3108792 0.12459079 0.02437 2.451401 6.8759445 0.91964216 1.0633175 0.16452474 5 0 0 0 0.045778691 0 1 1 8010.9405 4 0.3108792 0.3108792 0.3108792 0.3108792
"I.43.27.csv"	4	0.0014075158	1
3 1 0.3108792 0.12459079 0.02437 2.451401 6.8759445 0.91964216 1.0633175 0.16452474 5 0 0 0 0.045778691 0 1 1 8010.9405 4 0.3108792 0.3108792 0.3108792 0.3108792
"I.43.27.csv"	17	0.00039678539	1
3 1 0.3108792 0.12459079 0.02437 2.451401 6.8759445 0.91964216 1.0633175 0.16452474 5 0 0 0 0.045778691 0 1 1 8010.9405 4 0.3108792 0.3108792 0.3108792 0.3108792
"I.47.23.csv"	1	-0.0045727981	1
2 1 1.0595096 0.11346515 0.459795 2.067665 4.7733105 0.99243408 0.46639857 0.059353791 4 0 0 0 -0.037748053 0 1 1 4616.5857 4 1.0595096 1.0595096 1.0595096 1.0595096
"I.47.23.csv"	12	-0.0045727981	1
2 1 1.0595096 0.11346515 0.459795 2.067665 4.7733105 0.99243408 0.46639857 0.059353791 4 0 0 0 -0.037748053 0 1 1 4616.5857 4 1.0595096 1.0595096 1.0595096 1.0595096
"II.11.27.csv"	4	0.0064632919	1
3 1 6.0468396 21.966542 0.370773 20 4.1881512 0.98766871 10.460018 3.4520556 6 0 0 0 0.070455453 0 1 1 245746.56 4 6.0468396 6.0468396 6.0468396 6.0468396
"II.11.27.csv"	21	-1.2882316	1
3 1 6.0468396 21.966542 0.370773 20 4.1881512 0.98766871 10.460018 3.4520556 6 0 0 0 0.070455453 0 1 1 245746.56 4 6.0468396 6.0468396 6.0468396 6.0468396
"II.11.27.csv"	1	-1.2882316	1
3 1 6.0468396 21.966542 0.370773 20 4.1881512 0.98766871 10.460018 3.4520556 6 0 0 0 0.070455453 0 1 1 245746.56 4 6.0468396 6.0468396 6.0468396 6.0468396
"II.11.27.csv"	12	-1.2882316	1
3 1 6.0468396 21.966542 0.370773 20 4.1881512 0.98766871 10.460018 3.4520556 6 0 0 0 0.070455453 0 1 1 245746.56 4 6.0468396 6.0468396 6.0468396 6.0468396
"II.11.27.csv"	17	0.0082376746	1
3 1 6.0468396 21.966542 0.370773 20 4.1881512 0.98766871 10.460018 3.4520556 6 0 0 0 0.070455453 0 1 1 245746.56 4 6.0468396 6.0468396 6.0468396 6.0468396
"II.11.27.csv"	19	0.078883101	1
3 1 6.0468396 21.966542 0.370773 20 4.1881512 0.98766871 10.460018 3.4520556 6 0 0 0 0.070455453 0 1 1 245746.56 4 6.0468396 6.0468396 6.0468396 6.0468396
"II.11.27.csv"	4	0.0073128957	1
3 1 6.0468396 21.966542 0.370773 20 4.1881512 0.98766871 10.460018 3.4520556 6 0 0 0 0.070455453 0 1 1 245746.56 4 6.0468396 6.0468396 6.0468396 6.0468396
"II.11.27.csv"	21	-0.029747111	1
3 1 6.0468396 21.966542 0.370773 20 4.1881512 0.98766871 10.460018 3.4520556 6 0 0 0 0.070455453 0 1 1 245746.56 4 6.0468396 6.0468396 6.0468396 6.0468396
"II.11.27.csv"	3	-0.029747111	1
3 1 6.0468396 21.966542 0.370773 20 4.1881512 0.98766871 10.460018 3.4520556 6 0 0 0 0.070455453 0 1 1 245746.56 4 6.0468396 6.0468396 6.0468396 6.0468396
"II.11.27.csv"	1	-0.029747111	1
3 1 6.0468396 21.966542 0.370773 20 4.1881512 0.98766871 10.460018 3.4520556 6 0 0 0 0.070455453 0 1 1 245746.56 4 6.0468396 6.0468396 6.0468396 6.0468396
"II.11.27.csv"	12	-0.029747111	1
3 1 6.0468396 21.966542 0.370773 20 4.1881512 0.98766871 10.460018 3.4520556 6 0 0 0 0.070455453 0 1 1 245746.56 4 6.0468396 6.0468396 6.0468396 6.0468396
"II.11.27.csv"	2	-0.029747111	1
3 1 6.0468396 21.966542 0.370773 20 4.1881512 0.98766871 10.460018 3.4520556 6 0 0 0 0.070455453 0 1 1 245746.56 4 6.0468396 6.0468396 6.0468396 6.0468396
"II.11.27.csv"	17	-0.029747111	1
3 1 6.0468396 21.966542 0.370773 20 4.1881512 0.98766871 10.460018 3.4520556 6 0 0 0 0.070455453 0 1 1 245746.56 4 6.0468396 6.0468396 6.0468396 6.0468396
"II.11.27.csv"	17	-0.029747111	1
3 1 6.0468396 21.966542 0.370773 20 4.1881512 0.98766871 10.460018 3.4520556 6 0 0 0 0.070455453 0 1 1 245746.56 4 6.0468396 6.0468396 6.0468396 6.0468396
"II.11.27.csv"	19	-0.029747111	1
3 1 6.0468396 21.966542 0.370773 20 4.1881512 0.98766871 10.460018 3.4520556 6 0 0 0 0.070455453 0 1 1 245746.56 4 6.0468396 6.0468396 6.0468396 6.0468396
"II.34.29a.csv"	1	-3.1580439	1
2 1 12.097565 46.940013 0.766227 20 2.8073262 0.93369218 10.228128 0.90863671 4 0 0 0 0.023740868 1 1 1 449534.22 4 12.097565 12.097565 12.097565 12.097565
"II.34.29a.csv"	12	-3.1580439	1
2 1 12.097565 46.940013 0.766227 20 2.8073262 0.93369218 10.228128 0.90863671 4 0 0 0 0.023740868 1 1 1 449534.22 4 12.097565 12.097565 12.097565 12.097565
"II.34.29a.csv"	4	-0.073702723	1
2 1 12.097565 46.940013 0.766227 20 2.8073262 0.93369218 10.228128 0.90863671 4 0 0 0 0.023740868 1 1 1 449534.22 4 12.097565 12.097565 12.097565 12.097565
"II.34.29a.csv"	17	-0.073702723	1
2 1 12.097565 46.940013 0.766227 20 2.8073262 0.93369218 10.228128 0.90863671 4 0 0 0 0.023740868 1 1 1 449534.22 4 12.097565 12.097565 12.097565 12.097565
"II.34.29a.csv"	17	-0.073702723	1
2 1 12.097565 46.940013 0.766227 20 2.8073262 0.93369218 10.228128 0.90863671 4 0 0 0 0.023740868 1 1 1 449534.22 4 12.097565 12.097565 12.097565 12.097565
"II.34.29a.csv"	21	-0.073702723	1
2 1 12.097565 46.940013 0.766227 20 2.8073262 0.93369218 10.228128 0.90863671 4 0 0 0 0.023740868 1 1 1 449534.22 4 12.097565 12.097565 12.097565 12.097565
"II.34.29a.csv"	3	-0.073702723	1
2 1 12.097565 46.940013 0.766227 20 2.8073262 0.93369218 10.228128 0.90863671 4 0 0 0 0.023740868 1 1 1 449534.22 4 12.097565 12.097565 12.097565 12.097565
"II.34.29a.csv"	1	-0.073702723	1
2 1 12.097565 46.940013 0.766227 20 2.8073262 0.93369218 10.228128 0.90863671 4 0 0 0 0.023740868 1 1 1 449534.22 4 12.097565 12.097565 12.097565 12.097565
"II.34.29a.csv"	12	-0.073702723	1
2 1 12.097565 46.940013 0.766227 20 2.8073262 0.93369218 10.228128 0.90863671 4 0 0 0 0.023740868 1 1 1 449534.22 4 12.097565 12.097565 12.097565 12.097565
"II.34.29a.csv"	2	-0.073702723	1
2 1 12.097565 46.940013 0.766227 20 2.8073262 0.93369218 10.228128 0.90863671 4 0 0 0 0.023740868 1 1 1 449534.22 4 12.097565 12.097565 12.097565 12.097565
"III.4.33.csv"	4	-0.13873354	1
2 1 2.2949203 3.7816114 0.130025 9.814019 4.9798477 0.97200241 1.5225111 0.44254143 5 0 0 0 0.063526359 0 1 1 674066.37 4 2.2949203 2.2949203 2.2949203 2.2949203
"III.4.33.csv"	1	-0.13873354	1
2 1 2.2949203 3.7816114 0.130025 9.814019 4.9798477 0.97200241 1.5225111 0.44254143 5 0 0 0 0.063526359 0 1 1 674066.37 4 2.2949203 2.2949203 2.2949203 2.2949203
"III.4.33.csv"	12	-0.13873354	1
2 1 2.2949203 3.7816114 0.130025 9.814019 4.9798477 0.97200241 1.5225111 0.44254143 5 0 0 0 0.063526359 0 1 1 674066.37 4 2.2949203 2.2949203 2.2949203 2.2949203
"III.10.19.csv"	4	0.013802093	1
2 1 4.2789698 1.2909318 1.590882 6.931923 4.7008269 0.99952146 0.70975988 0.11259617 5 0 0 0 0.072633348 0 1 1 10202.051 4 4.2789698 4.2789698 4.2789698 4.2789698
"III.10.19.csv"	1	-0.024714944	1
2 1 4.2789698 1.2909318 1.590882 6.931923 4.7008269 0.99952146 0.70975988 0.11259617 5 0 0 0 0.072633348 0 1 1 10202.051 4 4.2789698 4.2789698 4.2789698 4.2789698
"III.10.19.csv"	12	-0.024714944	1
2 1 4.2789698 1.2909318 1.590882 6.931923 4.7008269 0.99952146 0.70975988 0.11259617 5 0 0 0 0.072633348 0 1 1 10202.051 4 4.2789698 4.2789698 4.2789698 4.2789698
"III.10.19.csv"	2	0.00097124528	1
2 1 4.2789698 1.2909318 1.590882 6.931923 4.7008269 0.99952146 0.70975988 0.11259617 5 0 0 0 0.072633348 0 1 1 10202.051 4 4.2789698 4.2789698 4.2789698 4.2789698
"I.48.20.csv"	1	-0.22277634	1
3 1 6.8398118 8.5134021 2.206385 15.495294 4.554469 0.99984272 0.75169972 1.0521019 7 1 0 1 0.1325986 0 1 1 219766.6 4 6.8398118 6.8398118 6.8398118 6.8398118
"I.48.20.csv"	12	-0.22277634	1
3 1 6.8398118 8.5134021 2.206385 15.495294 4.554469 0.99984272 0.75169972 1.0521019 7 1 0 1 0.1325986 0 1 1 219766.6 4 6.8398118 6.8398118 6.8398118 6.8398118
"I.48.20.csv"	19	0.0094345201	1
3 1 6.8398118 8.5134021 2.206385 15.495294 4.554469 0.99984272 0.75169972 1.0521019 7 1 0 1 0.1325986 0 1 1 219766.6 4 6.8398118 6.8398118 6.8398118 6.8398118
