"I.6.2b.csv"	3	0.00037515262	1
2 1 1.2518135 0.7102401 0.234715 4.244603 4.7580571 0.97379561 1.0848167 0.18277243 4 0 0 0 -0.019718295 0 1 1 11689.821 4 1.2518135 1.2518135 1.2518135 1.2518135
"I.6.2b.csv"	1	-0.022300148	1
2 1 1.2518135 0.7102401 0.234715 4.244603 4.7580571 0.97379561 1.0848167 0.18277243 4 0 0 0 -0.019718295 0 1 1 11689.821 4 1.2518135 1.2518135 1.2518135 1.2518135
"I.6.2b.csv"	12	-0.022300148	1
2 1 1.2518135 0.7102401 0.234715 4.244603 4.7580571 0.97379561 1.0848167 0.18277243 4 0 0 0 -0.019718295 0 1 1 11689.821 4 1.2518135 1.2518135 1.2518135 1.2518135
"I.6.2b.csv"	3	0.00037515262	1
2 1 1.2518135 0.7102401 0.234715 4.244603 4.7580571 0.97379561 1.0848167 0.18277243 4 0 0 0 -0.019718295 0 1 1 11689.821 4 1.2518135 1.2518135 1.2518135 1.2518135
"I.6.2b.csv"	1	-0.022300148	1
2 1 1.2518135 0.7102401 0.234715 4.244603 4.7580571 0.97379561 1.0848167 0.18277243 4 0 0 0 -0.019718295 0 1 1 11689.821 4 1.2518135 1.2518135 1.2518135 1.2518135
"I.6.2b.csv"	12	-0.022300148	1
2 1 1.2518135 0.7102401 0.234715 4.244603 4.7580571 0.97379561 1.0848167 0.18277243 4 0 0 0 -0.019718295 0 1 1 11689.821 4 1.2518135 1.2518135 1.2518135 1.2518135
