"I.6.2b.csv"	1	-0.023997553	1
2 1 1.2241768 0.55059418 0.253429 4.064115 5.1355547 0.97688638 1.1348558 0.18773488 4 0 0 0 0.072767838 0 1 1 11689.821 4 1.2241768 1.2241768 1.2241768 1.2241768
"I.6.2b.csv"	12	-0.023997553	1
2 1 1.2241768 0.55059418 0.253429 4.064115 5.1355547 0.97688638 1.1348558 0.18773488 4 0 0 0 0.072767838 0 1 1 11689.821 4 1.2241768 1.2241768 1.2241768 1.2241768
"I.7.9.csv"	3	6.0738943e-05	1
2 1 1.5009718 0.18514913 0.701578 2.998685 5.338514 0.99201745 0.62448807 0.084582244 4 0 0 0 0.15835083 0 1 1 22430.833 4 1.5009718 1.5009718 1.5009718 1.5009718
"I.7.9.csv"	1	-0.0087873772	1
2 1 1.5009718 0.18514913 0.701578 2.998685 5.338514 0.99201745 0.62448807 0.084582244 4 0 0 0 0.15835083 0 1 1 22430.833 4 1.5009718 1.5009718 1.5009718 1.5009718
"I.7.9.csv"	12	-0.0087873772	1
2 1 1.5009718 0.18514913 0.701578 2.998685 5.338514 0.99201745 0.62448807 0.084582244 4 0 0 0 0.15835083 0 1 1 22430.833 4 1.5009718 1.5009718 1.5009718 1.5009718
"I.8.4.csv"	17	0.075416232	1
2 1 11.803491 46.414681 0.646239 20 2.8407806 0.94037059 9.779531 0.815355 4 0 0 0 0.026393301 1 1 1 79014.827 4 11.803491 11.803491 11.803491 11.803491
"I.8.4.csv"	3	-2.3634078	1
2 1 11.803491 46.414681 0.646239 20 2.8407806 0.94037059 9.779531 0.815355 4 0 0 0 0.026393301 1 1 1 79014.827 4 11.803491 11.803491 11.803491 11.803491
"I.8.4.csv"	1	-2.3634078	1
2 1 11.803491 46.414681 0.646239 20 2.8407806 0.94037059 9.779531 0.815355 4 0 0 0 0.026393301 1 1 1 79014.827 4 11.803491 11.803491 11.803491 11.803491
"I.8.4.csv"	12	-2.3634078	1
2 1 11.803491 46.414681 0.646239 20 2.8407806 0.94037059 9.779531 0.815355 4 0 0 0 0.026393301 1 1 1 79014.827 4 11.803491 11.803491 11.803491 11.803491
"I.8.4.csv"	4	-0.011073483	1
2 1 11.803491 46.414681 0.646239 20 2.8407806 0.94037059 9.779531 0.815355 4 0 0 0 0.026393301 1 1 1 79014.827 4 11.803491 11.803491 11.803491 11.803491
"I.8.4.csv"	17	-0.011073483	1
2 1 11.803491 46.414681 0.646239 20 2.8407806 0.94037059 9.779531 0.815355 4 0 0 0 0.026393301 1 1 1 79014.827 4 11.803491 11.803491 11.803491 11.803491
"I.8.4.csv"	17	-0.011073483	1
2 1 11.803491 46.414681 0.646239 20 2.8407806 0.94037059 9.779531 0.815355 4 0 0 0 0.026393301 1 1 1 79014.827 4 11.803491 11.803491 11.803491 11.803491
"I.8.4.csv"	21	-0.011073483	1
2 1 11.803491 46.414681 0.646239 20 2.8407806 0.94037059 9.779531 0.815355 4 0 0 0 0.026393301 1 1 1 79014.827 4 11.803491 11.803491 11.803491 11.803491
"I.8.4.csv"	3	-0.011073483	1
2 1 11.803491 46.414681 0.646239 20 2.8407806 0.94037059 9.779531 0.815355 4 0 0 0 0.026393301 1 1 1 79014.827 4 11.803491 11.803491 11.803491 11.803491
"I.8.4.csv"	1	-0.011073483	1
2 1 11.803491 46.414681 0.646239 20 2.8407806 0.94037059 9.779531 0.815355 4 0 0 0 0.026393301 1 1 1 79014.827 4 11.803491 11.803491 11.803491 11.803491
"I.8.4.csv"	12	-0.011073483	1
2 1 11.803491 46.414681 0.646239 20 2.8407806 0.94037059 9.779531 0.815355 4 0 0 0 0.026393301 1 1 1 79014.827 4 11.803491 11.803491 11.803491 11.803491
"I.8.4.csv"	2	-0.011073483	1
2 1 11.803491 46.414681 0.646239 20 2.8407806 0.94037059 9.779531 0.815355 4 0 0 0 0.026393301 1 1 1 79014.827 4 11.803491 11.803491 11.803491 11.803491
"I.9.5.csv"	19	-0.29041019	1
3 1 1.5155148 4.6107187 0.097939 18.719831 8.6724038 0.86670833 2.8139022 0.67603554 6 0 0 0 0.19665467 0 1 1 35437 4 1.5155148 1.5155148 1.5155148 1.5155148
"I.9.5.csv"	19	-0.29041019	1
3 1 1.5155148 4.6107187 0.097939 18.719831 8.6724038 0.86670833 2.8139022 0.67603554 6 0 0 0 0.19665467 0 1 1 35437 4 1.5155148 1.5155148 1.5155148 1.5155148
"I.9.5.csv"	19	-0.29041019	1
3 1 1.5155148 4.6107187 0.097939 18.719831 8.6724038 0.86670833 2.8139022 0.67603554 6 0 0 0 0.19665467 0 1 1 35437 4 1.5155148 1.5155148 1.5155148 1.5155148
"I.9.5.csv"	19	-0.29041019	1
3 1 1.5155148 4.6107187 0.097939 18.719831 8.6724038 0.86670833 2.8139022 0.67603554 6 0 0 0 0.19665467 0 1 1 35437 4 1.5155148 1.5155148 1.5155148 1.5155148
"I.9.5.csv"	19	-0.29041019	1
3 1 1.5155148 4.6107187 0.097939 18.719831 8.6724038 0.86670833 2.8139022 0.67603554 6 0 0 0 0.19665467 0 1 1 35437 4 1.5155148 1.5155148 1.5155148 1.5155148
"I.9.5.csv"	4	-0.29041019	1
3 1 1.5155148 4.6107187 0.097939 18.719831 8.6724038 0.86670833 2.8139022 0.67603554 6 0 0 0 0.19665467 0 1 1 35437 4 1.5155148 1.5155148 1.5155148 1.5155148
"I.10.7.csv"	1	-0.22800811	1
2 1 3.7643257 2.8845808 1.008536 11.208712 6.005737 0.97686836 5.6589184 6.2852624 4 1 1 1 0.070100134 0 1 1 579287.33 4 3.7643257 3.7643257 3.7643257 3.7643257
"I.10.7.csv"	12	-0.22800811	1
2 1 3.7643257 2.8845808 1.008536 11.208712 6.005737 0.97686836 5.6589184 6.2852624 4 1 1 1 0.070100134 0 1 1 579287.33 4 3.7643257 3.7643257 3.7643257 3.7643257
"I.12.5.csv"	4	-0.38410687	1
3 1 -3.7028734 10.792385 -20 -0.290189 5.99962 0.96902846 2.0501268 0.59692773 6 0 0 0 0.074779438 0 1 0 281984.47 4 -3.7028734 -3.7028734 -3.7028734 -3.7028734
"I.12.5.csv"	3	-0.38410687	1
3 1 -3.7028734 10.792385 -20 -0.290189 5.99962 0.96902846 2.0501268 0.59692773 6 0 0 0 0.074779438 0 1 0 281984.47 4 -3.7028734 -3.7028734 -3.7028734 -3.7028734
"I.12.5.csv"	1	-0.38410687	1
3 1 -3.7028734 10.792385 -20 -0.290189 5.99962 0.96902846 2.0501268 0.59692773 6 0 0 0 0.074779438 0 1 0 281984.47 4 -3.7028734 -3.7028734 -3.7028734 -3.7028734
"I.12.5.csv"	12	-0.38410687	1
3 1 -3.7028734 10.792385 -20 -0.290189 5.99962 0.96902846 2.0501268 0.59692773 6 0 0 0 0.074779438 0 1 0 281984.47 4 -3.7028734 -3.7028734 -3.7028734 -3.7028734
"I.12.5.csv"	19	-0.38410687	1
3 1 -3.7028734 10.792385 -20 -0.290189 5.99962 0.96902846 2.0501268 0.59692773 6 0 0 0 0.074779438 0 1 0 281984.47 4 -3.7028734 -3.7028734 -3.7028734 -3.7028734
"I.12.5.csv"	19	0.019145073	1
3 1 -3.7028734 10.792385 -20 -0.290189 5.99962 0.96902846 2.0501268 0.59692773 6 0 0 0 0.074779438 0 1 0 281984.47 4 -3.7028734 -3.7028734 -3.7028734 -3.7028734
"I.12.5.csv"	4	-0.0031878611	1
3 1 -3.7028734 10.792385 -20 -0.290189 5.99962 0.96902846 2.0501268 0.59692773 6 0 0 0 0.074779438 0 1 0 281984.47 4 -3.7028734 -3.7028734 -3.7028734 -3.7028734
"I.12.5.csv"	21	0.0021183912	1
3 1 -3.7028734 10.792385 -20 -0.290189 5.99962 0.96902846 2.0501268 0.59692773 6 0 0 0 0.074779438 0 1 0 281984.47 4 -3.7028734 -3.7028734 -3.7028734 -3.7028734
"I.12.5.csv"	3	-0.0031878611	1
3 1 -3.7028734 10.792385 -20 -0.290189 5.99962 0.96902846 2.0501268 0.59692773 6 0 0 0 0.074779438 0 1 0 281984.47 4 -3.7028734 -3.7028734 -3.7028734 -3.7028734
"I.12.5.csv"	1	-0.0031878611	1
3 1 -3.7028734 10.792385 -20 -0.290189 5.99962 0.96902846 2.0501268 0.59692773 6 0 0 0 0.074779438 0 1 0 281984.47 4 -3.7028734 -3.7028734 -3.7028734 -3.7028734
"I.12.5.csv"	12	-0.0031878611	1
3 1 -3.7028734 10.792385 -20 -0.290189 5.99962 0.96902846 2.0501268 0.59692773 6 0 0 0 0.074779438 0 1 0 281984.47 4 -3.7028734 -3.7028734 -3.7028734 -3.7028734
"I.12.5.csv"	17	-0.0031878611	1
3 1 -3.7028734 10.792385 -20 -0.290189 5.99962 0.96902846 2.0501268 0.59692773 6 0 0 0 0.074779438 0 1 0 281984.47 4 -3.7028734 -3.7028734 -3.7028734 -3.7028734
"I.12.5.csv"	17	-0.0031878611	1
3 1 -3.7028734 10.792385 -20 -0.290189 5.99962 0.96902846 2.0501268 0.59692773 6 0 0 0 0.074779438 0 1 0 281984.47 4 -3.7028734 -3.7028734 -3.7028734 -3.7028734
"I.12.5.csv"	19	-0.0031878611	1
3 1 -3.7028734 10.792385 -20 -0.290189 5.99962 0.96902846 2.0501268 0.59692773 6 0 0 0 0.074779438 0 1 0 281984.47 4 -3.7028734 -3.7028734 -3.7028734 -3.7028734
"I.12.5.csv"	19	-0.0031878611	1
3 1 -3.7028734 10.792385 -20 -0.290189 5.99962 0.96902846 2.0501268 0.59692773 6 0 0 0 0.074779438 0 1 0 281984.47 4 -3.7028734 -3.7028734 -3.7028734 -3.7028734
"I.13.12.csv"	1	-149.00653	1
2 1 15.990955 35.787879 1.091284 20 3.1607785 0.89492064 15.279488 1.389206 3 0 0 0 0.10310352 1 1 1 321522.1 4 15.990955 15.990955 15.990955 15.990955
"I.13.12.csv"	12	-149.00653	1
2 1 15.990955 35.787879 1.091284 20 3.1607785 0.89492064 15.279488 1.389206 3 0 0 0 0.10310352 1 1 1 321522.1 4 15.990955 15.990955 15.990955 15.990955
"I.14.3.csv"	1	-0.050938505	1
4 1 2.9975816 0.68811133 1.236902 4.896754 4.4119864 0.99775766 0.4925364 0.085042669 14 0 0 0 0.071502593 0 1 1 22867.667 4 2.9975816 2.9975816 2.9975816 2.9975816
"I.14.3.csv"	12	-0.050938505	1
4 1 2.9975816 0.68811133 1.236902 4.896754 4.4119864 0.99775766 0.4925364 0.085042669 14 0 0 0 0.071502593 0 1 1 22867.667 4 2.9975816 2.9975816 2.9975816 2.9975816
"I.14.3.csv"	19	0.0012307288	1
4 1 2.9975816 0.68811133 1.236902 4.896754 4.4119864 0.99775766 0.4925364 0.085042669 14 0 0 0 0.071502593 0 1 1 22867.667 4 2.9975816 2.9975816 2.9975816 2.9975816
"I.14.3.csv"	19	0.0074741339	1
4 1 2.9975816 0.68811133 1.236902 4.896754 4.4119864 0.99775766 0.4925364 0.085042669 14 0 0 0 0.071502593 0 1 1 22867.667 4 2.9975816 2.9975816 2.9975816 2.9975816
"I.14.3.csv"	19	0.0030447551	1
4 1 2.9975816 0.68811133 1.236902 4.896754 4.4119864 0.99775766 0.4925364 0.085042669 14 0 0 0 0.071502593 0 1 1 22867.667 4 2.9975816 2.9975816 2.9975816 2.9975816
