"bench_d2_mod3.csv"	11	0.016041213
1 1 0.020833333 0.68706597 -1 1 2.4128525 0.08198086 0.2333035 0.051996082 2 0 0 0 0 1 1 0 152.24181 0
"bench_d2_mod3.csv"	1	0.038489703
1 1 0.020833333 0.68706597 -1 1 2.4128525 0.08198086 0.2333035 0.051996082 2 0 0 0 0 1 1 0 152.24181 0
"bench_d2_mod3.csv"	3	0.00032811469
1 1 0.020833333 0.68706597 -1 1 2.4128525 0.08198086 0.2333035 0.051996082 2 0 0 0 0 1 1 0 152.24181 0
"bench_d2_mod3.csv"	2	0.00075417139
1 1 0.020833333 0.68706597 -1 1 2.4128525 0.08198086 0.2333035 0.051996082 2 0 0 0 0 1 1 0 152.24181 0
"bench_d2_mod3.csv"	4	0.0044634215
1 1 0.020833333 0.68706597 -1 1 2.4128525 0.08198086 0.2333035 0.051996082 2 0 0 0 0 1 1 0 152.24181 0
"bench_d2_mod3.csv"	3	-0.36732806
1 1 0.020833333 0.68706597 -1 1 2.4128525 0.08198086 0.2333035 0.051996082 2 0 0 0 0 1 1 0 152.24181 0
"bench_d2_mod3.csv"	12	-0.36732806
1 1 0.020833333 0.68706597 -1 1 2.4128525 0.08198086 0.2333035 0.051996082 2 0 0 0 0 1 1 0 152.24181 0
"bench_d3_two_sines.csv"	1	0.014634656
1 1 -0.010861458 0.28706516 -0.9945 0.9975 3.7179118 0.06047626 0.066632323 0.020308985 2 0 0 0 0 1 0 0 6.837766 0
"bench_d3_two_sines.csv"	2	0.0013387867
1 1 -0.010861458 0.28706516 -0.9945 0.9975 3.7179118 0.06047626 0.066632323 0.020308985 2 0 0 0 0 1 0 0 6.837766 0
"bench_d3_two_sines.csv"	4	0.0076936266
1 1 -0.010861458 0.28706516 -0.9945 0.9975 3.7179118 0.06047626 0.066632323 0.020308985 2 0 0 0 0 1 0 0 6.837766 0
"bench_d3_two_sines.csv"	3	0.00092805543
1 1 -0.010861458 0.28706516 -0.9945 0.9975 3.7179118 0.06047626 0.066632323 0.020308985 2 0 0 0 0 1 0 0 6.837766 0
"bench_d3_two_sines.csv"	1	-0.18395264
1 1 -0.010861458 0.28706516 -0.9945 0.9975 3.7179118 0.06047626 0.066632323 0.020308985 2 0 0 0 0 1 0 0 6.837766 0
"bench_d3_two_sines.csv"	23	-0.18395264
1 1 -0.010861458 0.28706516 -0.9945 0.9975 3.7179118 0.06047626 0.066632323 0.020308985 2 0 0 0 0 1 0 0 6.837766 0
"bench_d3_two_sines.csv"	23	-0.18395264
1 1 -0.010861458 0.28706516 -0.9945 0.9975 3.7179118 0.06047626 0.066632323 0.020308985 2 0 0 0 0 1 0 0 6.837766 0
"bench_d3_two_sines.csv"	21	-0.18395264
1 1 -0.010861458 0.28706516 -0.9945 0.9975 3.7179118 0.06047626 0.066632323 0.020308985 2 0 0 0 0 1 0 0 6.837766 0
"bench_d3_two_sines.csv"	2	0.003019067
1 1 -0.010861458 0.28706516 -0.9945 0.9975 3.7179118 0.06047626 0.066632323 0.020308985 2 0 0 0 0 1 0 0 6.837766 0
"bench_d3_two_sines.csv"	12	-0.18395264
1 1 -0.010861458 0.28706516 -0.9945 0.9975 3.7179118 0.06047626 0.066632323 0.020308985 2 0 0 0 0 1 0 0 6.837766 0
"bench_d3_two_sines.csv"	3	-0.18395264
1 1 -0.010861458 0.28706516 -0.9945 0.9975 3.7179118 0.06047626 0.066632323 0.020308985 2 0 0 0 0 1 0 0 6.837766 0
"bench_d3_two_sines.csv"	14	0.017306767
1 1 -0.010861458 0.28706516 -0.9945 0.9975 3.7179118 0.06047626 0.066632323 0.020308985 2 0 0 0 0 1 0 0 6.837766 0
"bench_d3_two_sines.csv"	4	0.0011875543
1 1 -0.010861458 0.28706516 -0.9945 0.9975 3.7179118 0.06047626 0.066632323 0.020308985 2 0 0 0 0 1 0 0 6.837766 0
"bench_d3_two_sines.csv"	11	-0.18395264
1 1 -0.010861458 0.28706516 -0.9945 0.9975 3.7179118 0.06047626 0.066632323 0.020308985 2 0 0 0 0 1 0 0 6.837766 0
"bench_d3_two_sines.csv"	1	-0.15077471
1 1 -0.010861458 0.28706516 -0.9945 0.9975 3.7179118 0.06047626 0.066632323 0.020308985 2 0 0 0 0 1 0 0 6.837766 0
"bench_d3_two_sines.csv"	23	-0.15077471
1 1 -0.010861458 0.28706516 -0.9945 0.9975 3.7179118 0.06047626 0.066632323 0.020308985 2 0 0 0 0 1 0 0 6.837766 0
"bench_d3_two_sines.csv"	23	-0.15077471
1 1 -0.010861458 0.28706516 -0.9945 0.9975 3.7179118 0.06047626 0.066632323 0.020308985 2 0 0 0 0 1 0 0 6.837766 0
"bench_d3_two_sines.csv"	3	-0.15077471
1 1 -0.010861458 0.28706516 -0.9945 0.9975 3.7179118 0.06047626 0.066632323 0.020308985 2 0 0 0 0 1 0 0 6.837766 0
"bench_d3_two_sines.csv"	2	-0.15077471
1 1 -0.010861458 0.28706516 -0.9945 0.9975 3.7179118 0.06047626 0.066632323 0.020308985 2 0 0 0 0 1 0 0 6.837766 0
"bench_d3_two_sines.csv"	4	-0.15077471
1 1 -0.010861458 0.28706516 -0.9945 0.9975 3.7179118 0.06047626 0.066632323 0.020308985 2 0 0 0 0 1 0 0 6.837766 0
"bench_d3_two_sines.csv"	11	0.0072621603
1 1 -0.010861458 0.28706516 -0.9945 0.9975 3.7179118 0.06047626 0.066632323 0.020308985 2 0 0 0 0 1 0 0 6.837766 0
"bench_d3_two_sines.csv"	1	-0.15081388
1 1 -0.010861458 0.28706516 -0.9945 0.9975 3.7179118 0.06047626 0.066632323 0.020308985 2 0 0 0 0 1 0 0 6.837766 0
"bench_d3_two_sines.csv"	23	-0.15081388
1 1 -0.010861458 0.28706516 -0.9945 0.9975 3.7179118 0.06047626 0.066632323 0.020308985 2 0 0 0 0 1 0 0 6.837766 0
"bench_d3_two_sines.csv"	23	-0.15081388
1 1 -0.010861458 0.28706516 -0.9945 0.9975 3.7179118 0.06047626 0.066632323 0.020308985 2 0 0 0 0 1 0 0 6.837766 0
"bench_d3_two_sines.csv"	3	-0.15081388
1 1 -0.010861458 0.28706516 -0.9945 0.9975 3.7179118 0.06047626 0.066632323 0.020308985 2 0 0 0 0 1 0 0 6.837766 0
"bench_d3_two_sines.csv"	2	-0.15081388
1 1 -0.010861458 0.28706516 -0.9945 0.9975 3.7179118 0.06047626 0.066632323 0.020308985 2 0 0 0 0 1 0 0 6.837766 0
"bench_d3_two_sines.csv"	4	-0.15081388
1 1 -0.010861458 0.28706516 -0.9945 0.9975 3.7179118 0.06047626 0.066632323 0.020308985 2 0 0 0 0 1 0 0 6.837766 0
"bench_d3_two_sines.csv"	11	0.0072153878
1 1 -0.010861458 0.28706516 -0.9945 0.9975 3.7179118 0.06047626 0.066632323 0.020308985 2 0 0 0 0 1 0 0 6.837766 0
"bench_d3_two_sines.csv"	1	-0.15082331
1 1 -0.010861458 0.28706516 -0.9945 0.9975 3.7179118 0.06047626 0.066632323 0.020308985 2 0 0 0 0 1 0 0 6.837766 0
"bench_d3_two_sines.csv"	23	-0.15082331
1 1 -0.010861458 0.28706516 -0.9945 0.9975 3.7179118 0.06047626 0.066632323 0.020308985 2 0 0 0 0 1 0 0 6.837766 0
"bench_d3_two_sines.csv"	23	-0.15082331
1 1 -0.010861458 0.28706516 -0.9945 0.9975 3.7179118 0.06047626 0.066632323 0.020308985 2 0 0 0 0 1 0 0 6.837766 0
"bench_d3_two_sines.csv"	21	-0.15082331
1 1 -0.010861458 0.28706516 -0.9945 0.9975 3.7179118 0.06047626 0.066632323 0.020308985 2 0 0 0 0 1 0 0 6.837766 0
"bench_d3_two_sines.csv"	3	-0.15082331
1 1 -0.010861458 0.28706516 -0.9945 0.9975 3.7179118 0.06047626 0.066632323 0.020308985 2 0 0 0 0 1 0 0 6.837766 0
"bench_d3_two_sines.csv"	2	0.012762954
1 1 -0.010861458 0.28706516 -0.9945 0.9975 3.7179118 0.06047626 0.066632323 0.020308985 2 0 0 0 0 1 0 0 6.837766 0
"bench_d3_two_sines.csv"	12	-0.15082331
1 1 -0.010861458 0.28706516 -0.9945 0.9975 3.7179118 0.06047626 0.066632323 0.020308985 2 0 0 0 0 1 0 0 6.837766 0
"bench_d3_two_sines.csv"	14	0.019598344
1 1 -0.010861458 0.28706516 -0.9945 0.9975 3.7179118 0.06047626 0.066632323 0.020308985 2 0 0 0 0 1 0 0 6.837766 0
"bench_d3_two_sines.csv"	4	0.022844725
1 1 -0.010861458 0.28706516 -0.9945 0.9975 3.7179118 0.06047626 0.066632323 0.020308985 2 0 0 0 0 1 0 0 6.837766 0
"bench_d3_two_sines.csv"	11	-0.15082331
1 1 -0.010861458 0.28706516 -0.9945 0.9975 3.7179118 0.06047626 0.066632323 0.020308985 2 0 0 0 0 1 0 0 6.837766 0
"bench_d3_two_sines.csv"	11	0.0072052909
1 1 -0.010861458 0.28706516 -0.9945 0.9975 3.7179118 0.06047626 0.066632323 0.020308985 2 0 0 0 0 1 0 0 6.837766 0
"bench_d3_two_sines.csv"	1	-0.15085478
1 1 -0.010861458 0.28706516 -0.9945 0.9975 3.7179118 0.06047626 0.066632323 0.020308985 2 0 0 0 0 1 0 0 6.837766 0
"bench_d3_two_sines.csv"	23	-0.15085478
1 1 -0.010861458 0.28706516 -0.9945 0.9975 3.7179118 0.06047626 0.066632323 0.020308985 2 0 0 0 0 1 0 0 6.837766 0
"bench_d3_two_sines.csv"	23	-0.15085478
1 1 -0.010861458 0.28706516 -0.9945 0.9975 3.7179118 0.06047626 0.066632323 0.020308985 2 0 0 0 0 1 0 0 6.837766 0
"bench_d3_two_sines.csv"	3	-0.15085478
1 1 -0.010861458 0.28706516 -0.9945 0.9975 3.7179118 0.06047626 0.066632323 0.020308985 2 0 0 0 0 1 0 0 6.837766 0
"bench_d3_two_sines.csv"	2	-0.15085478
1 1 -0.010861458 0.28706516 -0.9945 0.9975 3.7179118 0.06047626 0.066632323 0.020308985 2 0 0 0 0 1 0 0 6.837766 0
"bench_d3_two_sines.csv"	4	-0.15085478
1 1 -0.010861458 0.28706516 -0.9945 0.9975 3.7179118 0.06047626 0.066632323 0.020308985 2 0 0 0 0 1 0 0 6.837766 0
"bench_d3_two_sines.csv"	11	0.0071670676
1 1 -0.010861458 0.28706516 -0.9945 0.9975 3.7179118 0.06047626 0.066632323 0.020308985 2 0 0 0 0 1 0 0 6.837766 0
"bench_d3_two_sines.csv"	1	-0.15087118
1 1 -0.010861458 0.28706516 -0.9945 0.9975 3.7179118 0.06047626 0.066632323 0.020308985 2 0 0 0 0 1 0 0 6.837766 0
"bench_d3_two_sines.csv"	23	-0.15087118
1 1 -0.010861458 0.28706516 -0.9945 0.9975 3.7179118 0.06047626 0.066632323 0.020308985 2 0 0 0 0 1 0 0 6.837766 0
"bench_d3_two_sines.csv"	23	-0.15087118
1 1 -0.010861458 0.28706516 -0.9945 0.9975 3.7179118 0.06047626 0.066632323 0.020308985 2 0 0 0 0 1 0 0 6.837766 0
"bench_d3_two_sines.csv"	3	-0.15087118
1 1 -0.010861458 0.28706516 -0.9945 0.9975 3.7179118 0.06047626 0.066632323 0.020308985 2 0 0 0 0 1 0 0 6.837766 0
"bench_d3_two_sines.csv"	2	-0.15087118
1 1 -0.010861458 0.28706516 -0.9945 0.9975 3.7179118 0.06047626 0.066632323 0.020308985 2 0 0 0 0 1 0 0 6.837766 0
"bench_d3_two_sines.csv"	4	-0.15087118
1 1 -0.010861458 0.28706516 -0.9945 0.9975 3.7179118 0.06047626 0.066632323 0.020308985 2 0 0 0 0 1 0 0 6.837766 0
"bench_d3_two_sines.csv"	11	0.007148564
1 1 -0.010861458 0.28706516 -0.9945 0.9975 3.7179118 0.06047626 0.066632323 0.020308985 2 0 0 0 0 1 0 0 6.837766 0
"bench_d3_two_sines.csv"	1	-0.15111428
1 1 -0.010861458 0.28706516 -0.9945 0.9975 3.7179118 0.06047626 0.066632323 0.020308985 2 0 0 0 0 1 0 0 6.837766 0
"bench_d3_two_sines.csv"	23	-0.15111428
1 1 -0.010861458 0.28706516 -0.9945 0.9975 3.7179118 0.06047626 0.066632323 0.020308985 2 0 0 0 0 1 0 0 6.837766 0
"bench_d3_two_sines.csv"	23	-0.15111428
1 1 -0.010861458 0.28706516 -0.9945 0.9975 3.7179118 0.06047626 0.066632323 0.020308985 2 0 0 0 0 1 0 0 6.837766 0
"bench_d3_two_sines.csv"	3	-0.15111428
1 1 -0.010861458 0.28706516 -0.9945 0.9975 3.7179118 0.06047626 0.066632323 0.020308985 2 0 0 0 0 1 0 0 6.837766 0
"bench_d3_two_sines.csv"	2	-0.15111428
1 1 -0.010861458 0.28706516 -0.9945 0.9975 3.7179118 0.06047626 0.066632323 0.020308985 2 0 0 0 0 1 0 0 6.837766 0
"bench_d3_two_sines.csv"	4	-0.15111428
1 1 -0.010861458 0.28706516 -0.9945 0.9975 3.7179118 0.06047626 0.066632323 0.020308985 2 0 0 0 0 1 0 0 6.837766 0
"bench_d3_two_sines.csv"	11	0.0068503759
1 1 -0.010861458 0.28706516 -0.9945 0.9975 3.7179118 0.06047626 0.066632323 0.020308985 2 0 0 0 0 1 0 0 6.837766 0
"bench_d3_two_sines.csv"	1	-0.15113935
1 1 -0.010861458 0.28706516 -0.9945 0.9975 3.7179118 0.06047626 0.066632323 0.020308985 2 0 0 0 0 1 0 0 6.837766 0
"bench_d3_two_sines.csv"	23	-0.15113935
1 1 -0.010861458 0.28706516 -0.9945 0.9975 3.7179118 0.06047626 0.066632323 0.020308985 2 0 0 0 0 1 0 0 6.837766 0
"bench_d3_two_sines.csv"	23	-0.15113935
1 1 -0.010861458 0.28706516 -0.9945 0.9975 3.7179118 0.06047626 0.066632323 0.020308985 2 0 0 0 0 1 0 0 6.837766 0
"bench_d3_two_sines.csv"	3	-0.15113935
1 1 -0.010861458 0.28706516 -0.9945 0.9975 3.7179118 0.06047626 0.066632323 0.020308985 2 0 0 0 0 1 0 0 6.837766 0
"bench_d3_two_sines.csv"	2	-0.15113935
1 1 -0.010861458 0.28706516 -0.9945 0.9975 3.7179118 0.06047626 0.066632323 0.020308985 2 0 0 0 0 1 0 0 6.837766 0
"bench_d3_two_sines.csv"	4	-0.15113935
1 1 -0.010861458 0.28706516 -0.9945 0.9975 3.7179118 0.06047626 0.066632323 0.020308985 2 0 0 0 0 1 0 0 6.837766 0
"bench_d3_two_sines.csv"	11	0.0068184972
1 1 -0.010861458 0.28706516 -0.9945 0.9975 3.7179118 0.06047626 0.066632323 0.020308985 2 0 0 0 0 1 0 0 6.837766 0
"bench_d3_two_sines.csv"	1	-0.15116433
1 1 -0.010861458 0.28706516 -0.9945 0.9975 3.7179118 0.06047626 0.066632323 0.020308985 2 0 0 0 0 1 0 0 6.837766 0
"bench_d3_two_sines.csv"	23	-0.15116433
1 1 -0.010861458 0.28706516 -0.9945 0.9975 3.7179118 0.06047626 0.066632323 0.020308985 2 0 0 0 0 1 0 0 6.837766 0
"bench_d3_two_sines.csv"	23	-0.15116433
1 1 -0.010861458 0.28706516 -0.9945 0.9975 3.7179118 0.06047626 0.066632323 0.020308985 2 0 0 0 0 1 0 0 6.837766 0
"bench_d3_two_sines.csv"	3	-0.15116433
1 1 -0.010861458 0.28706516 -0.9945 0.9975 3.7179118 0.06047626 0.066632323 0.020308985 2 0 0 0 0 1 0 0 6.837766 0
"bench_d3_two_sines.csv"	2	-0.15116433
1 1 -0.010861458 0.28706516 -0.9945 0.9975 3.7179118 0.06047626 0.066632323 0.020308985 2 0 0 0 0 1 0 0 6.837766 0
"bench_d3_two_sines.csv"	4	-0.15116433
1 1 -0.010861458 0.28706516 -0.9945 0.9975 3.7179118 0.06047626 0.066632323 0.020308985 2 0 0 0 0 1 0 0 6.837766 0
"bench_d3_two_sines.csv"	11	0.0067868881
1 1 -0.010861458 0.28706516 -0.9945 0.9975 3.7179118 0.06047626 0.066632323 0.020308985 2 0 0 0 0 1 0 0 6.837766 0
"bench_d3_two_sines.csv"	1	-0.15118961
1 1 -0.010861458 0.28706516 -0.9945 0.9975 3.7179118 0.06047626 0.066632323 0.020308985 2 0 0 0 0 1 0 0 6.837766 0
"bench_d3_two_sines.csv"	23	-0.15118961
1 1 -0.010861458 0.28706516 -0.9945 0.9975 3.7179118 0.06047626 0.066632323 0.020308985 2 0 0 0 0 1 0 0 6.837766 0
"bench_d3_two_sines.csv"	23	-0.15118961
1 1 -0.010861458 0.28706516 -0.9945 0.9975 3.7179118 0.06047626 0.066632323 0.020308985 2 0 0 0 0 1 0 0 6.837766 0
"bench_d3_two_sines.csv"	3	-0.15118961
1 1 -0.010861458 0.28706516 -0.9945 0.9975 3.7179118 0.06047626 0.066632323 0.020308985 2 0 0 0 0 1 0 0 6.837766 0
"bench_d3_two_sines.csv"	2	-0.15118961
1 1 -0.010861458 0.28706516 -0.9945 0.9975 3.7179118 0.06047626 0.066632323 0.020308985 2 0 0 0 0 1 0 0 6.837766 0
"bench_d3_two_sines.csv"	4	-0.15118961
1 1 -0.010861458 0.28706516 -0.9945 0.9975 3.7179118 0.06047626 0.066632323 0.020308985 2 0 0 0 0 1 0 0 6.837766 0
"bench_d3_two_sines.csv"	11	0.0067544444
1 1 -0.010861458 0.28706516 -0.9945 0.9975 3.7179118 0.06047626 0.066632323 0.020308985 2 0 0 0 0 1 0 0 6.837766 0
"bench_d3_two_sines.csv"	1	-0.15121493
1 1 -0.010861458 0.28706516 -0.9945 0.9975 3.7179118 0.06047626 0.066632323 0.020308985 2 0 0 0 0 1 0 0 6.837766 0
"bench_d3_two_sines.csv"	23	-0.15121493
1 1 -0.010861458 0.28706516 -0.9945 0.9975 3.7179118 0.06047626 0.066632323 0.020308985 2 0 0 0 0 1 0 0 6.837766 0
"bench_d3_two_sines.csv"	23	-0.15121493
1 1 -0.010861458 0.28706516 -0.9945 0.9975 3.7179118 0.06047626 0.066632323 0.020308985 2 0 0 0 0 1 0 0 6.837766 0
"bench_d3_two_sines.csv"	3	-0.15121493
1 1 -0.010861458 0.28706516 -0.9945 0.9975 3.7179118 0.06047626 0.066632323 0.020308985 2 0 0 0 0 1 0 0 6.837766 0
"bench_d3_two_sines.csv"	2	-0.15121493
1 1 -0.010861458 0.28706516 -0.9945 0.9975 3.7179118 0.06047626 0.066632323 0.020308985 2 0 0 0 0 1 0 0 6.837766 0
"bench_d3_two_sines.csv"	4	-0.15121493
1 1 -0.010861458 0.28706516 -0.9945 0.9975 3.7179118 0.06047626 0.066632323 0.020308985 2 0 0 0 0 1 0 0 6.837766 0
"bench_d3_two_sines.csv"	11	0.0067220094
1 1 -0.010861458 0.28706516 -0.9945 0.9975 3.7179118 0.06047626 0.066632323 0.020308985 2 0 0 0 0 1 0 0 6.837766 0
"bench_d7_multiout.csv"	12	-0.11086955
1 1 -0.038551875 0.34342257 -0.9989 0.9951 3.4025988 1 1 0 0 0 0 0 0 1 0 0 1 0
"bench_d7_multiout.csv"	21	0.0035330012
1 1 -0.038551875 0.34342257 -0.9989 0.9951 3.4025988 1 1 0 0 0 0 0 0 1 0 0 1 0
"bench_d7_multiout.csv"	1	-0.11086955
1 1 -0.038551875 0.34342257 -0.9989 0.9951 3.4025988 1 1 0 0 0 0 0 0 1 0 0 1 0
"bench_d7_multiout.csv"	3	-0.10993954
1 1 -0.036945625 0.28150107 -0.8409 0.8388 3.16586 0.99806308 0.90449816 0.00061686683 2 0 0 0 0 1 0 0 1.0714286 0
"bench_d7_multiout.csv"	12	-0.10993954
1 1 -0.036945625 0.28150107 -0.8409 0.8388 3.16586 0.99806308 0.90449816 0.00061686683 2 0 0 0 0 1 0 0 1.0714286 0
"bench_d7_multiout.csv"	21	0.00011177481
1 1 -0.036945625 0.28150107 -0.8409 0.8388 3.16586 0.99806308 0.90449816 0.00061686683 2 0 0 0 0 1 0 0 1.0714286 0
"bench_d7_multiout.csv"	1	-0.10993954
1 1 -0.036945625 0.28150107 -0.8409 0.8388 3.16586 0.99806308 0.90449816 0.00061686683 2 0 0 0 0 1 0 0 1.0714286 0
"bench_d7_multiout.csv"	4	2.3443779e-05
1 1 -0.036945625 0.28150107 -0.8409 0.8388 3.16586 0.99806308 0.90449816 0.00061686683 2 0 0 0 0 1 0 0 1.0714286 0
"bench_d7_multiout.csv"	2	4.0522624e-05
1 1 -0.036945625 0.28150107 -0.8409 0.8388 3.16586 0.99806308 0.90449816 0.00061686683 2 0 0 0 0 1 0 0 1.0714286 0
"bench_d7_multiout.csv"	3	0.0032460564
1 1 -0.038551875 0.34342257 -0.9989 0.9951 3.4025988 1 1 0 0 0 0 0 0 1 0 0 1 0
"bench_d7_multiout.csv"	1	0.0011595597
1 1 -0.038551875 0.34342257 -0.9989 0.9951 3.4025988 1 1 0 0 0 0 0 0 1 0 0 1 0
"bench_d7_multiout.csv"	3	1.6761739e-05
1 1 -0.038551875 0.34342257 -0.9989 0.9951 3.4025988 1 1 0 0 0 0 0 0 1 0 0 1 0
"bench_d7_multiout.csv"	12	-0.10991439
1 1 -0.038551875 0.34342257 -0.9989 0.9951 3.4025988 1 1 0 0 0 0 0 0 1 0 0 1 0
"bench_d7_multiout.csv"	21	0.00013955644
1 1 -0.038551875 0.34342257 -0.9989 0.9951 3.4025988 1 1 0 0 0 0 0 0 1 0 0 1 0
"bench_d7_multiout.csv"	1	0.0032433451
1 1 -0.038551875 0.34342257 -0.9989 0.9951 3.4025988 1 1 0 0 0 0 0 0 1 0 0 1 0
"bench_d7_multiout.csv"	4	3.5955847e-05
1 1 -0.038551875 0.34342257 -0.9989 0.9951 3.4025988 1 1 0 0 0 0 0 0 1 0 0 1 0
"bench_d7_multiout.csv"	2	1.5477239e-06
1 1 -0.038551875 0.34342257 -0.9989 0.9951 3.4025988 1 1 0 0 0 0 0 0 1 0 0 1 0
"bench_t21_three_region.csv"	1	-0.062207285
1 1 -0.069444444 0.63406636 -1 1 2.5116704 0.89174013 0.744856 0.020848522 2 0 0 0 0 1 1 0 32.139269 0
"bench_t21_three_region.csv"	12	-0.062207285
1 1 -0.069444444 0.63406636 -1 1 2.5116704 0.89174013 0.744856 0.020848522 2 0 0 0 0 1 1 0 32.139269 0
"bench_t21_three_region.csv"	2	0.0012231161
1 1 -0.069444444 0.63406636 -1 1 2.5116704 0.89174013 0.744856 0.020848522 2 0 0 0 0 1 1 0 32.139269 0
"bench_t21_three_region.csv"	1	-0.061653413
1 1 -0.069444444 0.63406636 -1 1 2.5116704 0.89174013 0.744856 0.020848522 2 0 0 0 0 1 1 0 32.139269 0
"bench_t21_three_region.csv"	3	0.00041023417
1 1 -0.069444444 0.63406636 -1 1 2.5116704 0.89174013 0.744856 0.020848522 2 0 0 0 0 1 1 0 32.139269 0
"bench_t21_three_region.csv"	12	-0.061653413
1 1 -0.069444444 0.63406636 -1 1 2.5116704 0.89174013 0.744856 0.020848522 2 0 0 0 0 1 1 0 32.139269 0
"bench_t21_three_region.csv"	2	0.0018200314
1 1 -0.069444444 0.63406636 -1 1 2.5116704 0.89174013 0.744856 0.020848522 2 0 0 0 0 1 1 0 32.139269 0
"bench_t21_three_region.csv"	4	0.00053693241
1 1 -0.069444444 0.63406636 -1 1 2.5116704 0.89174013 0.744856 0.020848522 2 0 0 0 0 1 1 0 32.139269 0
"bench_t21_three_region.csv"	1	-0.062295888
1 1 -0.069444444 0.63406636 -1 1 2.5116704 0.89174013 0.744856 0.020848522 2 0 0 0 0 1 1 0 32.139269 0
"bench_t21_three_region.csv"	3	0.0046676167
1 1 -0.069444444 0.63406636 -1 1 2.5116704 0.89174013 0.744856 0.020848522 2 0 0 0 0 1 1 0 32.139269 0
"bench_t21_three_region.csv"	21	0.011342108
1 1 -0.069444444 0.63406636 -1 1 2.5116704 0.89174013 0.744856 0.020848522 2 0 0 0 0 1 1 0 32.139269 0
"bench_t21_three_region.csv"	12	-0.062295888
1 1 -0.069444444 0.63406636 -1 1 2.5116704 0.89174013 0.744856 0.020848522 2 0 0 0 0 1 1 0 32.139269 0
"bench_t21_three_region.csv"	1	0.00070023219
1 1 -0.069444444 0.63406636 -1 1 2.5116704 0.89174013 0.744856 0.020848522 2 0 0 0 0 1 1 0 32.139269 0
"bench_t21_three_region.csv"	3	-0.011977915
1 1 -0.069444444 0.63406636 -1 1 2.5116704 0.89174013 0.744856 0.020848522 2 0 0 0 0 1 1 0 32.139269 0
"bench_t21_three_region.csv"	21	-0.011977915
1 1 -0.069444444 0.63406636 -1 1 2.5116704 0.89174013 0.744856 0.020848522 2 0 0 0 0 1 1 0 32.139269 0
"bench_t21_three_region.csv"	14	0.0016328689
1 1 -0.069444444 0.63406636 -1 1 2.5116704 0.89174013 0.744856 0.020848522 2 0 0 0 0 1 1 0 32.139269 0
"bench_t21_three_region.csv"	12	-0.011977915
1 1 -0.069444444 0.63406636 -1 1 2.5116704 0.89174013 0.744856 0.020848522 2 0 0 0 0 1 1 0 32.139269 0
"bench_t21_three_region.csv"	2	0.00053245137
1 1 -0.069444444 0.63406636 -1 1 2.5116704 0.89174013 0.744856 0.020848522 2 0 0 0 0 1 1 0 32.139269 0
"bench_t21_three_region.csv"	4	0.001017095
1 1 -0.069444444 0.63406636 -1 1 2.5116704 0.89174013 0.744856 0.020848522 2 0 0 0 0 1 1 0 32.139269 0
"bench_t21_three_region.csv"	1	0.00090772185
1 1 -0.069444444 0.63406636 -1 1 2.5116704 0.89174013 0.744856 0.020848522 2 0 0 0 0 1 1 0 32.139269 0
"bench_t21_three_region.csv"	3	-0.011716223
1 1 -0.069444444 0.63406636 -1 1 2.5116704 0.89174013 0.744856 0.020848522 2 0 0 0 0 1 1 0 32.139269 0
"bench_t21_three_region.csv"	21	-0.011716223
1 1 -0.069444444 0.63406636 -1 1 2.5116704 0.89174013 0.744856 0.020848522 2 0 0 0 0 1 1 0 32.139269 0
"bench_t21_three_region.csv"	14	0.0018988589
1 1 -0.069444444 0.63406636 -1 1 2.5116704 0.89174013 0.744856 0.020848522 2 0 0 0 0 1 1 0 32.139269 0
"bench_t21_three_region.csv"	12	-0.011716223
1 1 -0.069444444 0.63406636 -1 1 2.5116704 0.89174013 0.744856 0.020848522 2 0 0 0 0 1 1 0 32.139269 0
"bench_t21_three_region.csv"	2	0.00086743485
1 1 -0.069444444 0.63406636 -1 1 2.5116704 0.89174013 0.744856 0.020848522 2 0 0 0 0 1 1 0 32.139269 0
"bench_t21_three_region.csv"	4	0.001298622
1 1 -0.069444444 0.63406636 -1 1 2.5116704 0.89174013 0.744856 0.020848522 2 0 0 0 0 1 1 0 32.139269 0
"bench_t21_three_region.csv"	1	0.00063756728
1 1 -0.069444444 0.63406636 -1 1 2.5116704 0.89174013 0.744856 0.020848522 2 0 0 0 0 1 1 0 32.139269 0
"bench_t21_three_region.csv"	3	-0.012030284
1 1 -0.069444444 0.63406636 -1 1 2.5116704 0.89174013 0.744856 0.020848522 2 0 0 0 0 1 1 0 32.139269 0
"bench_t21_three_region.csv"	21	-0.012030284
1 1 -0.069444444 0.63406636 -1 1 2.5116704 0.89174013 0.744856 0.020848522 2 0 0 0 0 1 1 0 32.139269 0
"bench_t21_three_region.csv"	14	0.0015752812
1 1 -0.069444444 0.63406636 -1 1 2.5116704 0.89174013 0.744856 0.020848522 2 0 0 0 0 1 1 0 32.139269 0
"bench_t21_three_region.csv"	12	-0.012030284
1 1 -0.069444444 0.63406636 -1 1 2.5116704 0.89174013 0.744856 0.020848522 2 0 0 0 0 1 1 0 32.139269 0
"bench_t21_three_region.csv"	2	0.00040552808
1 1 -0.069444444 0.63406636 -1 1 2.5116704 0.89174013 0.744856 0.020848522 2 0 0 0 0 1 1 0 32.139269 0
"bench_t21_three_region.csv"	4	0.001076184
1 1 -0.069444444 0.63406636 -1 1 2.5116704 0.89174013 0.744856 0.020848522 2 0 0 0 0 1 1 0 32.139269 0
"bench_t21_three_region.csv"	1	0.00096042589
1 1 -0.069444444 0.63406636 -1 1 2.5116704 0.89174013 0.744856 0.020848522 2 0 0 0 0 1 1 0 32.139269 0
"bench_t21_three_region.csv"	3	-0.011662248
1 1 -0.069444444 0.63406636 -1 1 2.5116704 0.89174013 0.744856 0.020848522 2 0 0 0 0 1 1 0 32.139269 0
"bench_t21_three_region.csv"	21	-0.011662248
1 1 -0.069444444 0.63406636 -1 1 2.5116704 0.89174013 0.744856 0.020848522 2 0 0 0 0 1 1 0 32.139269 0
"bench_t21_three_region.csv"	14	0.0018175409
1 1 -0.069444444 0.63406636 -1 1 2.5116704 0.89174013 0.744856 0.020848522 2 0 0 0 0 1 1 0 32.139269 0
"bench_t21_three_region.csv"	12	-0.011662248
1 1 -0.069444444 0.63406636 -1 1 2.5116704 0.89174013 0.744856 0.020848522 2 0 0 0 0 1 1 0 32.139269 0
"bench_t21_three_region.csv"	2	0.00071321638
1 1 -0.069444444 0.63406636 -1 1 2.5116704 0.89174013 0.744856 0.020848522 2 0 0 0 0 1 1 0 32.139269 0
"bench_t21_three_region.csv"	4	0.0013034673
1 1 -0.069444444 0.63406636 -1 1 2.5116704 0.89174013 0.744856 0.020848522 2 0 0 0 0 1 1 0 32.139269 0
"bench_t21_three_region.csv"	1	0.00040481187
1 1 -0.069444444 0.63406636 -1 1 2.5116704 0.89174013 0.744856 0.020848522 2 0 0 0 0 1 1 0 32.139269 0
"bench_t21_three_region.csv"	3	-0.012251931
1 1 -0.069444444 0.63406636 -1 1 2.5116704 0.89174013 0.744856 0.020848522 2 0 0 0 0 1 1 0 32.139269 0
"bench_t21_three_region.csv"	21	-0.012251931
1 1 -0.069444444 0.63406636 -1 1 2.5116704 0.89174013 0.744856 0.020848522 2 0 0 0 0 1 1 0 32.139269 0
"bench_t21_three_region.csv"	14	0.0013565266
1 1 -0.069444444 0.63406636 -1 1 2.5116704 0.89174013 0.744856 0.020848522 2 0 0 0 0 1 1 0 32.139269 0
"bench_t21_three_region.csv"	12	-0.012251931
1 1 -0.069444444 0.63406636 -1 1 2.5116704 0.89174013 0.744856 0.020848522 2 0 0 0 0 1 1 0 32.139269 0
"bench_t21_three_region.csv"	2	0.00028511014
1 1 -0.069444444 0.63406636 -1 1 2.5116704 0.89174013 0.744856 0.020848522 2 0 0 0 0 1 1 0 32.139269 0
"bench_t21_three_region.csv"	4	0.00082491027
1 1 -0.069444444 0.63406636 -1 1 2.5116704 0.89174013 0.744856 0.020848522 2 0 0 0 0 1 1 0 32.139269 0
"bench_t22_windowed_sine.csv"	1	-0.15252395
1 1 0.02547125 0.2784576 -1 0.9923 3.7755063 0.13855851 0.19931388 0.0019021721 2 0 0 0 0 1 0 0 3.0940721 0
"bench_t22_windowed_sine.csv"	12	-0.15252395
1 1 0.02547125 0.2784576 -1 0.9923 3.7755063 0.13855851 0.19931388 0.0019021721 2 0 0 0 0 1 0 0 3.0940721 0
"bench_t22_windowed_sine.csv"	3	-0.0082873033
1 1 0.02547125 0.2784576 -1 0.9923 3.7755063 0.13855851 0.19931388 0.0019021721 2 0 0 0 0 1 0 0 3.0940721 0
"bench_t22_windowed_sine.csv"	1	-0.0082873033
1 1 0.02547125 0.2784576 -1 0.9923 3.7755063 0.13855851 0.19931388 0.0019021721 2 0 0 0 0 1 0 0 3.0940721 0
"bench_t22_windowed_sine.csv"	4	-0.0082873033
1 1 0.02547125 0.2784576 -1 0.9923 3.7755063 0.13855851 0.19931388 0.0019021721 2 0 0 0 0 1 0 0 3.0940721 0
"bench_t22_windowed_sine.csv"	2	-0.0082873033
1 1 0.02547125 0.2784576 -1 0.9923 3.7755063 0.13855851 0.19931388 0.0019021721 2 0 0 0 0 1 0 0 3.0940721 0
