"I.6.2b.csv"	4	0.002340512	1
2 1 1.1541927 0.52320858 0.234745 3.91392 5.0864294 0.98226548 0.98980197 0.16201932 4 0 0 0 0.033895524 0 1 1 21665.762 4 1.1541927 1.1541927 1.1541927 1.1541927
"I.6.2b.csv"	1	-0.024724057	1
2 1 1.1541927 0.52320858 0.234745 3.91392 5.0864294 0.98226548 0.98980197 0.16201932 4 0 0 0 0.033895524 0 1 1 21665.762 4 1.1541927 1.1541927 1.1541927 1.1541927
"I.6.2b.csv"	12	-0.024724057	1
2 1 1.1541927 0.52320858 0.234745 3.91392 5.0864294 0.98226548 0.98980197 0.16201932 4 0 0 0 0.033895524 0 1 1 21665.762 4 1.1541927 1.1541927 1.1541927 1.1541927
"I.7.9.csv"	1	-0.0087998902	1
2 1 1.4788687 0.1910568 0.647636 2.857493 5.0557189 0.99320454 0.59136709 0.077580698 4 0 0 0 0.066766876 0 1 1 5912.1023 4 1.4788687 1.4788687 1.4788687 1.4788687
"I.7.9.csv"	12	-0.0087998902	1
2 1 1.4788687 0.1910568 0.647636 2.857493 5.0557189 0.99320454 0.59136709 0.077580698 4 0 0 0 0.066766876 0 1 1 5912.1023 4 1.4788687 1.4788687 1.4788687 1.4788687
"I.8.4.csv"	1	-2.281073	1
2 1 11.748671 47.073988 0.930761 20 2.7793476 0.93660693 9.4363993 0.7728229 4 0 0 0 0.057356737 1 1 1 1384222 4 11.748671 11.748671 11.748671 11.748671
"I.8.4.csv"	12	-2.281073	1
2 1 11.748671 47.073988 0.930761 20 2.7793476 0.93660693 9.4363993 0.7728229 4 0 0 0 0.057356737 1 1 1 1384222 4 11.748671 11.748671 11.748671 11.748671
"I.9.5.csv"	19	0.0070944953	1
3 1 1.637345 4.3345853 0.061226 14.277464 6.8282735 0.88211541 2.929244 0.66453958 6 0 0 0 0.078441907 0 1 1 91427.308 4 1.637345 1.637345 1.637345 1.637345
"I.9.5.csv"	19	-0.2548813	1
3 1 1.637345 4.3345853 0.061226 14.277464 6.8282735 0.88211541 2.929244 0.66453958 6 0 0 0 0.078441907 0 1 1 91427.308 4 1.637345 1.637345 1.637345 1.637345
"I.9.5.csv"	19	-0.2548813	1
3 1 1.637345 4.3345853 0.061226 14.277464 6.8282735 0.88211541 2.929244 0.66453958 6 0 0 0 0.078441907 0 1 1 91427.308 4 1.637345 1.637345 1.637345 1.637345
"I.9.5.csv"	19	0.0059914086	1
3 1 1.637345 4.3345853 0.061226 14.277464 6.8282735 0.88211541 2.929244 0.66453958 6 0 0 0 0.078441907 0 1 1 91427.308 4 1.637345 1.637345 1.637345 1.637345
"I.9.5.csv"	19	-0.2548813	1
3 1 1.637345 4.3345853 0.061226 14.277464 6.8282735 0.88211541 2.929244 0.66453958 6 0 0 0 0.078441907 0 1 1 91427.308 4 1.637345 1.637345 1.637345 1.637345
"I.9.5.csv"	19	-0.2548813	1
3 1 1.637345 4.3345853 0.061226 14.277464 6.8282735 0.88211541 2.929244 0.66453958 6 0 0 0 0.078441907 0 1 1 91427.308 4 1.637345 1.637345 1.637345 1.637345
"I.9.5.csv"	4	0.00058177471	1
3 1 1.637345 4.3345853 0.061226 14.277464 6.8282735 0.88211541 2.929244 0.66453958 6 0 0 0 0.078441907 0 1 1 91427.308 4 1.637345 1.637345 1.637345 1.637345
"I.10.7.csv"	1	-0.22705453	1
2 1 3.7745851 3.3928378 1.052739 9.761529 4.7279869 0.98292607 5.8736279 6.3286126 4 1 1 1 0.010483615 0 1 1 557248.5 4 3.7745851 3.7745851 3.7745851 3.7745851
"I.10.7.csv"	12	-0.22705453	1
2 1 3.7745851 3.3928378 1.052739 9.761529 4.7279869 0.98292607 5.8736279 6.3286126 4 1 1 1 0.010483615 0 1 1 557248.5 4 3.7745851 3.7745851 3.7745851 3.7745851
"I.12.5.csv"	1	-0.42255228	1
3 1 -3.9825335 10.290607 -20 -0.451982 6.0937162 0.97200254 2.0192285 0.61487742 6 0 0 0 0.06452102 0 1 0 235755.69 4 -3.9825335 -3.9825335 -3.9825335 -3.9825335
"I.12.5.csv"	12	-0.42255228	1
3 1 -3.9825335 10.290607 -20 -0.451982 6.0937162 0.97200254 2.0192285 0.61487742 6 0 0 0 0.06452102 0 1 0 235755.69 4 -3.9825335 -3.9825335 -3.9825335 -3.9825335
"I.12.5.csv"	19	-0.42255228	1
3 1 -3.9825335 10.290607 -20 -0.451982 6.0937162 0.97200254 2.0192285 0.61487742 6 0 0 0 0.06452102 0 1 0 235755.69 4 -3.9825335 -3.9825335 -3.9825335 -3.9825335
"I.12.5.csv"	19	0.029931542	1
3 1 -3.9825335 10.290607 -20 -0.451982 6.0937162 0.97200254 2.0192285 0.61487742 6 0 0 0 0.06452102 0 1 0 235755.69 4 -3.9825335 -3.9825335 -3.9825335 -3.9825335
"I.12.5.csv"	4	-0.0021275464	1
3 1 -3.9825335 10.290607 -20 -0.451982 6.0937162 0.97200254 2.0192285 0.61487742 6 0 0 0 0.06452102 0 1 0 235755.69 4 -3.9825335 -3.9825335 -3.9825335 -3.9825335
"I.12.5.csv"	21	-0.0021275464	1
3 1 -3.9825335 10.290607 -20 -0.451982 6.0937162 0.97200254 2.0192285 0.61487742 6 0 0 0 0.06452102 0 1 0 235755.69 4 -3.9825335 -3.9825335 -3.9825335 -3.9825335
"I.12.5.csv"	3	-0.0021275464	1
3 1 -3.9825335 10.290607 -20 -0.451982 6.0937162 0.97200254 2.0192285 0.61487742 6 0 0 0 0.06452102 0 1 0 235755.69 4 -3.9825335 -3.9825335 -3.9825335 -3.9825335
"I.12.5.csv"	1	-0.0021275464	1
3 1 -3.9825335 10.290607 -20 -0.451982 6.0937162 0.97200254 2.0192285 0.61487742 6 0 0 0 0.06452102 0 1 0 235755.69 4 -3.9825335 -3.9825335 -3.9825335 -3.9825335
"I.12.5.csv"	12	-0.0021275464	1
3 1 -3.9825335 10.290607 -20 -0.451982 6.0937162 0.97200254 2.0192285 0.61487742 6 0 0 0 0.06452102 0 1 0 235755.69 4 -3.9825335 -3.9825335 -3.9825335 -3.9825335
"I.12.5.csv"	2	-0.0021275464	1
3 1 -3.9825335 10.290607 -20 -0.451982 6.0937162 0.97200254 2.0192285 0.61487742 6 0 0 0 0.06452102 0 1 0 235755.69 4 -3.9825335 -3.9825335 -3.9825335 -3.9825335
"I.12.5.csv"	17	-0.0021275464	1
3 1 -3.9825335 10.290607 -20 -0.451982 6.0937162 0.97200254 2.0192285 0.61487742 6 0 0 0 0.06452102 0 1 0 235755.69 4 -3.9825335 -3.9825335 -3.9825335 -3.9825335
"I.12.5.csv"	17	-0.0021275464	1
3 1 -3.9825335 10.290607 -20 -0.451982 6.0937162 0.97200254 2.0192285 0.61487742 6 0 0 0 0.06452102 0 1 0 235755.69 4 -3.9825335 -3.9825335 -3.9825335 -3.9825335
"I.12.5.csv"	19	-0.0021275464	1
3 1 -3.9825335 10.290607 -20 -0.451982 6.0937162 0.97200254 2.0192285 0.61487742 6 0 0 0 0.06452102 0 1 0 235755.69 4 -3.9825335 -3.9825335 -3.9825335 -3.9825335
"I.12.5.csv"	19	-0.0021275464	1
3 1 -3.9825335 10.290607 -20 -0.451982 6.0937162 0.97200254 2.0192285 0.61487742 6 0 0 0 0.06452102 0 1 0 235755.69 4 -3.9825335 -3.9825335 -3.9825335 -3.9825335
"I.13.12.csv"	4	-102.75277	1
2 1 16.757344 27.992875 0.68577 20 3.6505109 0.87505539 15.577037 1.5013297 5 0 0 0 0.25799025 1 1 1 1089195.4 4 16.757344 16.757344 16.757344 16.757344
"I.13.12.csv"	17	-102.75277	1
2 1 16.757344 27.992875 0.68577 20 3.6505109 0.87505539 15.577037 1.5013297 5 0 0 0 0.25799025 1 1 1 1089195.4 4 16.757344 16.757344 16.757344 16.757344
"I.13.12.csv"	17	-102.75277	1
2 1 16.757344 27.992875 0.68577 20 3.6505109 0.87505539 15.577037 1.5013297 5 0 0 0 0.25799025 1 1 1 1089195.4 4 16.757344 16.757344 16.757344 16.757344
"I.13.12.csv"	3	-102.75277	1
2 1 16.757344 27.992875 0.68577 20 3.6505109 0.87505539 15.577037 1.5013297 5 0 0 0 0.25799025 1 1 1 1089195.4 4 16.757344 16.757344 16.757344 16.757344
"I.13.12.csv"	1	-102.75277	1
2 1 16.757344 27.992875 0.68577 20 3.6505109 0.87505539 15.577037 1.5013297 5 0 0 0 0.25799025 1 1 1 1089195.4 4 16.757344 16.757344 16.757344 16.757344
"I.13.12.csv"	12	-102.75277	1
2 1 16.757344 27.992875 0.68577 20 3.6505109 0.87505539 15.577037 1.5013297 5 0 0 0 0.25799025 1 1 1 1089195.4 4 16.757344 16.757344 16.757344 16.757344
