"I.6.2b.csv"	4	0.002856605	1
2 1 1.2376171 0.65427151 0.240805 3.976439 4.6183338 0.97686682 1.1493348 0.19553198 4 0 0 0 -0.030570338 0 1 1 23783.143 4 1.2376171 1.2376171 1.2376171 1.2376171
"I.6.2b.csv"	1	-0.022303457	1
2 1 1.2376171 0.65427151 0.240805 3.976439 4.6183338 0.97686682 1.1493348 0.19553198 4 0 0 0 -0.030570338 0 1 1 23783.143 4 1.2376171 1.2376171 1.2376171 1.2376171
"I.6.2b.csv"	12	-0.022303457	1
2 1 1.2376171 0.65427151 0.240805 3.976439 4.6183338 0.97686682 1.1493348 0.19553198 4 0 0 0 -0.030570338 0 1 1 23783.143 4 1.2376171 1.2376171 1.2376171 1.2376171
"I.7.9.csv"	1	-0.0089023029	1
2 1 1.4740444 0.208678 0.660069 2.998685 5.1194179 0.99177624 0.61652569 0.081050558 4 0 0 0 0.021317704 0 1 1 28670.581 4 1.4740444 1.4740444 1.4740444 1.4740444
"I.7.9.csv"	12	-0.0089023029	1
2 1 1.4740444 0.208678 0.660069 2.998685 5.1194179 0.99177624 0.61652569 0.081050558 4 0 0 0 0.021317704 0 1 1 28670.581 4 1.4740444 1.4740444 1.4740444 1.4740444
"I.8.4.csv"	1	-2.6582435	1
2 1 11.442267 44.772436 0.729626 20 2.8799489 0.93297954 9.1176686 0.74591207 4 0 0 0 0.049595606 1 1 1 1103892.8 4 11.442267 11.442267 11.442267 11.442267
"I.8.4.csv"	12	-2.6582435	1
2 1 11.442267 44.772436 0.729626 20 2.8799489 0.93297954 9.1176686 0.74591207 4 0 0 0 0.049595606 1 1 1 1103892.8 4 11.442267 11.442267 11.442267 11.442267
"I.8.4.csv"	17	-0.070212465	1
2 1 11.442267 44.772436 0.729626 20 2.8799489 0.93297954 9.1176686 0.74591207 4 0 0 0 0.049595606 1 1 1 1103892.8 4 11.442267 11.442267 11.442267 11.442267
"I.8.4.csv"	21	-0.070212465	1
2 1 11.442267 44.772436 0.729626 20 2.8799489 0.93297954 9.1176686 0.74591207 4 0 0 0 0.049595606 1 1 1 1103892.8 4 11.442267 11.442267 11.442267 11.442267
"I.8.4.csv"	3	-0.070212465	1
2 1 11.442267 44.772436 0.729626 20 2.8799489 0.93297954 9.1176686 0.74591207 4 0 0 0 0.049595606 1 1 1 1103892.8 4 11.442267 11.442267 11.442267 11.442267
"I.8.4.csv"	1	-0.070212465	1
2 1 11.442267 44.772436 0.729626 20 2.8799489 0.93297954 9.1176686 0.74591207 4 0 0 0 0.049595606 1 1 1 1103892.8 4 11.442267 11.442267 11.442267 11.442267
"I.8.4.csv"	12	-0.070212465	1
2 1 11.442267 44.772436 0.729626 20 2.8799489 0.93297954 9.1176686 0.74591207 4 0 0 0 0.049595606 1 1 1 1103892.8 4 11.442267 11.442267 11.442267 11.442267
"I.8.4.csv"	2	-0.070212465	1
2 1 11.442267 44.772436 0.729626 20 2.8799489 0.93297954 9.1176686 0.74591207 4 0 0 0 0.049595606 1 1 1 1103892.8 4 11.442267 11.442267 11.442267 11.442267
"I.9.5.csv"	19	-0.27610868	1
3 1 1.7309249 5.2824615 0.066974 15.270524 6.6149541 0.87954083 3.1727049 0.70069225 6 0 0 0 0.14247961 0 1 1 70353.075 4 1.7309249 1.7309249 1.7309249 1.7309249
"I.9.5.csv"	19	-0.27610868	1
3 1 1.7309249 5.2824615 0.066974 15.270524 6.6149541 0.87954083 3.1727049 0.70069225 6 0 0 0 0.14247961 0 1 1 70353.075 4 1.7309249 1.7309249 1.7309249 1.7309249
"I.9.5.csv"	19	-0.27610868	1
3 1 1.7309249 5.2824615 0.066974 15.270524 6.6149541 0.87954083 3.1727049 0.70069225 6 0 0 0 0.14247961 0 1 1 70353.075 4 1.7309249 1.7309249 1.7309249 1.7309249
"I.9.5.csv"	19	-0.27610868	1
3 1 1.7309249 5.2824615 0.066974 15.270524 6.6149541 0.87954083 3.1727049 0.70069225 6 0 0 0 0.14247961 0 1 1 70353.075 4 1.7309249 1.7309249 1.7309249 1.7309249
"I.9.5.csv"	19	-0.27610868	1
3 1 1.7309249 5.2824615 0.066974 15.270524 6.6149541 0.87954083 3.1727049 0.70069225 6 0 0 0 0.14247961 0 1 1 70353.075 4 1.7309249 1.7309249 1.7309249 1.7309249
"I.9.5.csv"	4	0.0002879854	1
3 1 1.7309249 5.2824615 0.066974 15.270524 6.6149541 0.87954083 3.1727049 0.70069225 6 0 0 0 0.14247961 0 1 1 70353.075 4 1.7309249 1.7309249 1.7309249 1.7309249
