"I.6.2b.csv"	4	3.5761548e-05	1
2 1 1.2502777 0.59231603 0.240805 4.069617 4.9749337 0.97477382 1.1567452 0.18872628 4 0 0 0 -0.043142785 0 1 1 102180.5 4 1.2502777 1.2502777 1.2502777 1.2502777
"I.6.2b.csv"	1	-0.026148926	1
2 1 1.2502777 0.59231603 0.240805 4.069617 4.9749337 0.97477382 1.1567452 0.18872628 4 0 0 0 -0.043142785 0 1 1 102180.5 4 1.2502777 1.2502777 1.2502777 1.2502777
"I.6.2b.csv"	12	-0.026148926	1
2 1 1.2502777 0.59231603 0.240805 4.069617 4.9749337 0.97477382 1.1567452 0.18872628 4 0 0 0 -0.043142785 0 1 1 102180.5 4 1.2502777 1.2502777 1.2502777 1.2502777
"I.7.9.csv"	4	0.0008470325	1
2 1 1.4853475 0.2135073 0.72651 3.123374 5.1872482 0.99161463 0.61431174 0.081678549 4 0 0 0 0.048601924 0 1 1 12979.536 4 1.4853475 1.4853475 1.4853475 1.4853475
"I.7.9.csv"	3	0.00011326982	1
2 1 1.4853475 0.2135073 0.72651 3.123374 5.1872482 0.99161463 0.61431174 0.081678549 4 0 0 0 0.048601924 0 1 1 12979.536 4 1.4853475 1.4853475 1.4853475 1.4853475
"I.7.9.csv"	1	-0.010946491	1
2 1 1.4853475 0.2135073 0.72651 3.123374 5.1872482 0.99161463 0.61431174 0.081678549 4 0 0 0 0.048601924 0 1 1 12979.536 4 1.4853475 1.4853475 1.4853475 1.4853475
"I.7.9.csv"	12	-0.010946491	1
2 1 1.4853475 0.2135073 0.72651 3.123374 5.1872482 0.99161463 0.61431174 0.081678549 4 0 0 0 0.048601924 0 1 1 12979.536 4 1.4853475 1.4853475 1.4853475 1.4853475
"I.8.4.csv"	1	-2.1945241	1
2 1 11.55338 46.906495 0.729626 20 2.8136732 0.94034986 9.4888962 0.76892965 4 0 0 0 0.13939674 1 1 1 135125.94 4 11.55338 11.55338 11.55338 11.55338
"I.8.4.csv"	12	-2.1945241	1
2 1 11.55338 46.906495 0.729626 20 2.8136732 0.94034986 9.4888962 0.76892965 4 0 0 0 0.13939674 1 1 1 135125.94 4 11.55338 11.55338 11.55338 11.55338
"I.9.5.csv"	19	-0.20945198	1
3 1 1.7228293 5.6248582 0.079548 20 8.3993059 0.8823412 2.9746908 0.75541585 6 0 0 0 0.075988872 0 1 1 34179.981 4 1.7228293 1.7228293 1.7228293 1.7228293
"I.9.5.csv"	19	-0.20945198	1
3 1 1.7228293 5.6248582 0.079548 20 8.3993059 0.8823412 2.9746908 0.75541585 6 0 0 0 0.075988872 0 1 1 34179.981 4 1.7228293 1.7228293 1.7228293 1.7228293
"I.9.5.csv"	19	-0.20945198	1
3 1 1.7228293 5.6248582 0.079548 20 8.3993059 0.8823412 2.9746908 0.75541585 6 0 0 0 0.075988872 0 1 1 34179.981 4 1.7228293 1.7228293 1.7228293 1.7228293
"I.9.5.csv"	19	-0.20945198	1
3 1 1.7228293 5.6248582 0.079548 20 8.3993059 0.8823412 2.9746908 0.75541585 6 0 0 0 0.075988872 0 1 1 34179.981 4 1.7228293 1.7228293 1.7228293 1.7228293
"I.9.5.csv"	19	-0.20945198	1
3 1 1.7228293 5.6248582 0.079548 20 8.3993059 0.8823412 2.9746908 0.75541585 6 0 0 0 0.075988872 0 1 1 34179.981 4 1.7228293 1.7228293 1.7228293 1.7228293
"I.9.5.csv"	4	-0.20945198	1
3 1 1.7228293 5.6248582 0.079548 20 8.3993059 0.8823412 2.9746908 0.75541585 6 0 0 0 0.075988872 0 1 1 34179.981 4 1.7228293 1.7228293 1.7228293 1.7228293
"I.9.5.csv"	17	-0.20945198	1
3 1 1.7228293 5.6248582 0.079548 20 8.3993059 0.8823412 2.9746908 0.75541585 6 0 0 0 0.075988872 0 1 1 34179.981 4 1.7228293 1.7228293 1.7228293 1.7228293
"I.10.7.csv"	3	0.00030996146	1
2 1 3.7580114 2.7613331 1.110554 9.545518 5.0760259 0.98435434 5.8000289 6.3030891 4 1 1 1 0.074021613 0 1 1 362206.5 4 3.7580114 3.7580114 3.7580114 3.7580114
"I.10.7.csv"	1	-0.23053309	1
2 1 3.7580114 2.7613331 1.110554 9.545518 5.0760259 0.98435434 5.8000289 6.3030891 4 1 1 1 0.074021613 0 1 1 362206.5 4 3.7580114 3.7580114 3.7580114 3.7580114
"I.10.7.csv"	12	-0.23053309	1
2 1 3.7580114 2.7613331 1.110554 9.545518 5.0760259 0.98435434 5.8000289 6.3030891 4 1 1 1 0.074021613 0 1 1 362206.5 4 3.7580114 3.7580114 3.7580114 3.7580114
"I.12.5.csv"	4	-0.49489345	1
3 1 -3.9668997 11.448006 -20 -0.309759 5.8195057 0.96915276 2.0215237 0.6000328 6 0 0 0 0.065343583 0 1 0 239072.8 4 -3.9668997 -3.9668997 -3.9668997 -3.9668997
"I.12.5.csv"	21	-0.49489345	1
3 1 -3.9668997 11.448006 -20 -0.309759 5.8195057 0.96915276 2.0215237 0.6000328 6 0 0 0 0.065343583 0 1 0 239072.8 4 -3.9668997 -3.9668997 -3.9668997 -3.9668997
"I.12.5.csv"	3	-0.49489345	1
3 1 -3.9668997 11.448006 -20 -0.309759 5.8195057 0.96915276 2.0215237 0.6000328 6 0 0 0 0.065343583 0 1 0 239072.8 4 -3.9668997 -3.9668997 -3.9668997 -3.9668997
"I.12.5.csv"	1	-0.49489345	1
3 1 -3.9668997 11.448006 -20 -0.309759 5.8195057 0.96915276 2.0215237 0.6000328 6 0 0 0 0.065343583 0 1 0 239072.8 4 -3.9668997 -3.9668997 -3.9668997 -3.9668997
"I.12.5.csv"	12	-0.49489345	1
3 1 -3.9668997 11.448006 -20 -0.309759 5.8195057 0.96915276 2.0215237 0.6000328 6 0 0 0 0.065343583 0 1 0 239072.8 4 -3.9668997 -3.9668997 -3.9668997 -3.9668997
"I.12.5.csv"	17	-0.49489345	1
3 1 -3.9668997 11.448006 -20 -0.309759 5.8195057 0.96915276 2.0215237 0.6000328 6 0 0 0 0.065343583 0 1 0 239072.8 4 -3.9668997 -3.9668997 -3.9668997 -3.9668997
"I.12.5.csv"	17	-0.49489345	1
3 1 -3.9668997 11.448006 -20 -0.309759 5.8195057 0.96915276 2.0215237 0.6000328 6 0 0 0 0.065343583 0 1 0 239072.8 4 -3.9668997 -3.9668997 -3.9668997 -3.9668997
"I.12.5.csv"	19	-0.49489345	1
3 1 -3.9668997 11.448006 -20 -0.309759 5.8195057 0.96915276 2.0215237 0.6000328 6 0 0 0 0.065343583 0 1 0 239072.8 4 -3.9668997 -3.9668997 -3.9668997 -3.9668997
"I.12.5.csv"	19	-0.49489345	1
3 1 -3.9668997 11.448006 -20 -0.309759 5.8195057 0.96915276 2.0215237 0.6000328 6 0 0 0 0.065343583 0 1 0 239072.8 4 -3.9668997 -3.9668997 -3.9668997 -3.9668997
"I.13.12.csv"	3	-93.291994	1
2 1 16.412508 33.526918 1.091284 20 3.2656168 0.89452138 14.988559 1.4856463 5 0 0 0 0.14732122 1 1 1 101833.33 4 16.412508 16.412508 16.412508 16.412508
"I.13.12.csv"	1	-93.291994	1
2 1 16.412508 33.526918 1.091284 20 3.2656168 0.89452138 14.988559 1.4856463 5 0 0 0 0.14732122 1 1 1 101833.33 4 16.412508 16.412508 16.412508 16.412508
"I.13.12.csv"	12	-93.291994	1
2 1 16.412508 33.526918 1.091284 20 3.2656168 0.89452138 14.988559 1.4856463 5 0 0 0 0.14732122 1 1 1 101833.33 4 16.412508 16.412508 16.412508 16.412508
"I.14.3.csv"	1	-0.064416255	1
4 1 3.0089219 0.75893031 1.250111 4.939854 4.2354072 0.99743657 0.5139074 0.086737327 11 0 0 0 0.066901861 0 1 1 1365781.5 4 3.0089219 3.0089219 3.0089219 3.0089219
"I.14.3.csv"	12	-0.064416255	1
4 1 3.0089219 0.75893031 1.250111 4.939854 4.2354072 0.99743657 0.5139074 0.086737327 11 0 0 0 0.066901861 0 1 1 1365781.5 4 3.0089219 3.0089219 3.0089219 3.0089219
"I.14.3.csv"	4	-0.000869124	1
4 1 3.0089219 0.75893031 1.250111 4.939854 4.2354072 0.99743657 0.5139074 0.086737327 11 0 0 0 0.066901861 0 1 1 1365781.5 4 3.0089219 3.0089219 3.0089219 3.0089219
"I.14.3.csv"	21	0.00029296735	1
4 1 3.0089219 0.75893031 1.250111 4.939854 4.2354072 0.99743657 0.5139074 0.086737327 11 0 0 0 0.066901861 0 1 1 1365781.5 4 3.0089219 3.0089219 3.0089219 3.0089219
"I.14.3.csv"	3	0.00035570755	1
4 1 3.0089219 0.75893031 1.250111 4.939854 4.2354072 0.99743657 0.5139074 0.086737327 11 0 0 0 0.066901861 0 1 1 1365781.5 4 3.0089219 3.0089219 3.0089219 3.0089219
"I.14.3.csv"	1	-0.000869124	1
4 1 3.0089219 0.75893031 1.250111 4.939854 4.2354072 0.99743657 0.5139074 0.086737327 11 0 0 0 0.066901861 0 1 1 1365781.5 4 3.0089219 3.0089219 3.0089219 3.0089219
"I.14.3.csv"	12	-0.000869124	1
4 1 3.0089219 0.75893031 1.250111 4.939854 4.2354072 0.99743657 0.5139074 0.086737327 11 0 0 0 0.066901861 0 1 1 1365781.5 4 3.0089219 3.0089219 3.0089219 3.0089219
"I.14.3.csv"	2	-0.000869124	1
4 1 3.0089219 0.75893031 1.250111 4.939854 4.2354072 0.99743657 0.5139074 0.086737327 11 0 0 0 0.066901861 0 1 1 1365781.5 4 3.0089219 3.0089219 3.0089219 3.0089219
"I.14.3.csv"	17	-0.000869124	1
4 1 3.0089219 0.75893031 1.250111 4.939854 4.2354072 0.99743657 0.5139074 0.086737327 11 0 0 0 0.066901861 0 1 1 1365781.5 4 3.0089219 3.0089219 3.0089219 3.0089219
"I.14.3.csv"	17	-0.000869124	1
4 1 3.0089219 0.75893031 1.250111 4.939854 4.2354072 0.99743657 0.5139074 0.086737327 11 0 0 0 0.066901861 0 1 1 1365781.5 4 3.0089219 3.0089219 3.0089219 3.0089219
"I.14.3.csv"	19	-0.000869124	1
4 1 3.0089219 0.75893031 1.250111 4.939854 4.2354072 0.99743657 0.5139074 0.086737327 11 0 0 0 0.066901861 0 1 1 1365781.5 4 3.0089219 3.0089219 3.0089219 3.0089219
"I.14.3.csv"	19	-0.000869124	1
4 1 3.0089219 0.75893031 1.250111 4.939854 4.2354072 0.99743657 0.5139074 0.086737327 11 0 0 0 0.066901861 0 1 1 1365781.5 4 3.0089219 3.0089219 3.0089219 3.0089219
"I.14.3.csv"	19	-0.000869124	1
4 1 3.0089219 0.75893031 1.250111 4.939854 4.2354072 0.99743657 0.5139074 0.086737327 11 0 0 0 0.066901861 0 1 1 1365781.5 4 3.0089219 3.0089219 3.0089219 3.0089219
"I.14.3.csv"	19	-0.000869124	1
4 1 3.0089219 0.75893031 1.250111 4.939854 4.2354072 0.99743657 0.5139074 0.086737327 11 0 0 0 0.066901861 0 1 1 1365781.5 4 3.0089219 3.0089219 3.0089219 3.0089219
"I.14.3.csv"	19	-0.000869124	1
4 1 3.0089219 0.75893031 1.250111 4.939854 4.2354072 0.99743657 0.5139074 0.086737327 11 0 0 0 0.066901861 0 1 1 1365781.5 4 3.0089219 3.0089219 3.0089219 3.0089219
"I.14.3.csv"	19	-0.000869124	1
4 1 3.0089219 0.75893031 1.250111 4.939854 4.2354072 0.99743657 0.5139074 0.086737327 11 0 0 0 0.066901861 0 1 1 1365781.5 4 3.0089219 3.0089219 3.0089219 3.0089219
"I.15.3.csv"	1	-0.005418344	1
2 1 0.017425419 0.17405536 -0.808679 0.853437 3.9839844 0.99054265 0.25789179 1.0668426 4 1 1 1 0.066938158 1 1 0 12244.926 4 0.017425419 0.017425419 0.017425419 0.017425419
"I.15.3.csv"	12	-0.005418344	1
2 1 0.017425419 0.17405536 -0.808679 0.853437 3.9839844 0.99054265 0.25789179 1.0668426 4 1 1 1 0.066938158 1 1 0 12244.926 4 0.017425419 0.017425419 0.017425419 0.017425419
"I.15.3.csv"	2	0.00061173152	1
2 1 0.017425419 0.17405536 -0.808679 0.853437 3.9839844 0.99054265 0.25789179 1.0668426 4 1 1 1 0.066938158 1 1 0 12244.926 4 0.017425419 0.017425419 0.017425419 0.017425419
